14 82 55 82
50 96 39 99
2 31 13 56
7 81 5 71
24 99 4 97
34 58 3 72
74 99 29 88
66 99 43 99
74 99 46 99
73 99 77 99
45 99 15 90
79 99 59 99
58 99 78 98
29 83 29 70
63 99 43 99
51 99 62 99
28 53 77 99
19 88 60 88
22 99 28 88
51 79 28 70
367
1 0 14 2 3
2 1 7 16 17
16 1 1 32 33
32 1 8 56 57
56 1 16 94 95
94 1 19 132 133
132 1 10 256 257
256 1 18 322 323
322 2 144 0 0 
323 2 2 9 0 
257 2 28 0 0 
133 1 13 158 159
158 2 32 0 0 
159 1 5 184 185
184 2 23 0 0 
185 1 3 248 249
248 2 9 0 0 
249 2 53 104 0 
95 1 19 118 119
118 1 13 146 147
146 1 2 198 199
198 1 18 264 265
264 1 3 350 351
350 2 121 1 0 
351 2 1 0 0 
265 2 23 0 0 
199 1 5 250 251
250 1 10 348 349
348 2 117 0 0 
349 2 19 0 0 
251 2 67 20 0 
147 2 92 0 0 
119 1 13 174 175
174 2 67 5 0 
175 1 11 232 233
232 1 3 346 347
346 2 28 0 0 
347 2 93 3 0 
233 2 69 3 0 
57 1 16 148 149
148 1 11 362 363
362 2 13 0 0 
363 2 88 3 0 
149 1 9 238 239
238 2 32 0 0 
239 1 12 312 313
312 2 17 1 0 
313 2 172 4 0 
33 1 17 74 75
74 1 9 200 201
200 2 53 10 0 
201 1 12 314 315
314 2 12 0 0 
315 2 136 6 0 
75 1 15 124 125
124 1 18 204 205
204 2 34 0 0 
205 1 16 366 367
366 2 20 4 0 
367 2 81 0 0 
125 1 16 186 187
186 2 87 5 0 
187 1 12 268 269
268 2 43 0 0 
269 1 9 336 337
336 2 9 0 0 
337 2 129 0 0 
17 1 9 252 253
252 2 22 1 0 
253 2 136 1 0 
3 1 9 4 5
4 1 7 26 27
26 2 60 10 0 
27 1 6 40 41
40 1 17 170 171
170 2 39 0 0 
171 1 1 280 281
280 2 21 2 0 
281 2 145 8 0 
41 1 4 52 53
52 1 8 192 193
192 2 79 1 0 
193 1 1 306 307
306 2 25 0 0 
307 2 140 2 0 
53 1 10 60 61
60 1 5 354 355
354 2 12 0 0 
355 2 89 1 0 
61 1 18 76 77
76 2 56 1 0 
77 1 1 88 89
88 2 88 4 0 
89 1 17 98 99
98 1 8 260 261
260 2 8 2 0 
261 2 144 5 0 
99 1 8 108 109
108 1 0 316 317
316 2 10 0 0 
317 2 74 41 0 
109 1 0 120 121
120 1 15 276 277
276 2 7 0 0 
277 2 167 0 0 
121 1 15 142 143
142 1 12 226 227
226 1 5 308 309
308 2 24 2 0 
309 2 68 119 0 
227 2 38 1 0 
143 1 11 162 163
162 1 5 284 285
284 2 60 5 0 
285 2 89 26 0 
163 1 13 176 177
176 1 2 220 221
220 2 28 22 0 
221 1 19 338 339
338 2 100 2 0 
339 2 23 5 0 
177 1 19 202 203
202 2 105 1 0 
203 1 5 208 209
208 1 12 328 329
328 2 98 1 0 
329 2 42 0 0 
209 1 3 230 231
230 2 76 0 0 
231 1 2 254 255
254 2 49 2 0 
255 1 16 290 291
290 2 70 50 0 
291 1 12 326 327
326 2 45 11 0 
327 2 104 11 0 
5 1 15 6 7
6 1 7 80 81
80 2 25 1 0 
81 1 6 112 113
112 1 12 292 293
292 2 18 0 0 
293 2 126 0 0 
113 1 8 150 151
150 2 82 21 0 
151 1 18 182 183
182 2 78 0 0 
183 1 1 216 217
216 2 25 0 0 
217 1 0 288 289
288 2 27 1 0 
289 1 4 352 353
352 2 11 0 0 
353 2 109 2 0 
7 1 8 8 9
8 1 12 84 85
84 2 42 3 0 
85 1 16 152 153
152 2 71 0 0 
153 1 7 224 225
224 2 33 3 0 
225 1 1 300 301
300 2 35 1 0 
301 2 167 7 0 
9 1 12 10 11
10 1 11 64 65
64 2 41 1 0 
65 1 17 96 97
96 2 37 0 0 
97 1 1 126 127
126 2 31 1 0 
127 1 6 144 145
144 2 38 1 0 
145 1 10 168 169
168 2 30 0 0 
169 1 18 194 195
194 2 18 0 0 
195 1 4 210 211
210 2 29 0 0 
211 1 16 234 235
234 2 86 1 0 
235 1 0 302 303
302 2 4 0 0 
303 1 13 364 365
364 2 19 1 0 
365 2 82 0 0 
11 1 6 12 13
12 1 11 50 51
50 2 71 0 0 
51 1 7 78 79
78 2 29 0 0 
79 1 1 100 101
100 1 16 310 311
310 2 21 0 0 
311 2 123 2 0 
101 1 17 138 139
138 1 16 334 335
334 2 5 0 0 
335 2 106 0 0 
139 1 16 164 165
164 2 100 0 0 
165 1 2 190 191
190 1 0 262 263
262 2 67 0 0 
263 1 3 320 321
320 2 119 6 0 
321 2 35 0 0 
191 1 5 222 223
222 1 0 356 357
356 2 17 0 0 
357 2 88 1 0 
223 1 3 282 283
282 2 23 2 0 
283 1 4 344 345
344 2 17 0 0 
345 2 108 5 0 
13 1 1 14 15
14 1 7 140 141
140 2 7 0 0 
141 1 11 244 245
244 2 17 0 0 
245 1 16 330 331
330 2 20 0 0 
331 2 110 3 0 
15 1 11 18 19
18 1 10 86 87
86 2 50 0 0 
87 1 18 206 207
206 2 14 0 0 
207 1 16 270 271
270 2 6 0 0 
271 1 7 358 359
358 2 1 0 0 
359 2 107 0 0 
19 1 7 20 21
20 2 30 0 0 
21 1 18 22 23
22 1 16 70 71
70 1 17 298 299
298 2 18 0 0 
299 2 105 1 0 
71 1 17 130 131
130 2 100 2 0 
131 1 0 172 173
172 1 19 342 343
342 2 29 0 0 
343 2 91 1 0 
173 1 2 228 229
228 1 3 296 297
296 2 180 2 0 
297 2 32 0 0 
229 1 4 318 319
318 2 42 0 0 
319 2 124 1 0 
23 1 10 24 25
24 1 16 128 129
128 2 66 0 0 
129 1 17 188 189
188 2 56 0 0 
189 1 0 236 237
236 2 44 1 0 
237 1 3 272 273
272 1 2 360 361
360 2 80 4 0 
361 2 28 0 0 
273 2 96 1 0 
25 1 17 28 29
28 1 4 68 69
68 2 35 0 0 
69 1 16 114 115
114 2 57 0 0 
115 1 13 156 157
156 2 47 2 0 
157 1 3 196 197
196 2 86 1 0 
197 1 19 240 241
240 2 29 0 0 
241 1 5 286 287
286 2 38 0 0 
287 1 2 324 325
324 2 81 0 0 
325 2 114 3 0 
29 1 4 30 31
30 1 0 136 137
136 2 47 0 0 
137 1 16 218 219
218 2 43 0 0 
219 1 19 304 305
304 2 30 0 0 
305 2 163 0 0 
31 1 0 34 35
34 1 13 62 63
62 2 54 0 0 
63 1 3 90 91
90 1 16 332 333
332 2 6 0 0 
333 2 115 0 0 
91 1 16 122 123
122 2 99 0 0 
123 1 19 154 155
154 2 52 0 0 
155 1 5 180 181
180 2 112 0 0 
181 1 2 212 213
212 2 141 0 0 
213 2 302 0 0 
35 1 16 36 37
36 1 19 54 55
54 1 2 340 341
340 2 34 0 0 
341 2 90 0 0 
55 1 13 72 73
72 2 101 0 0 
73 1 5 92 93
92 1 3 246 247
246 2 67 0 0 
247 2 116 1 0 
93 1 3 106 107
106 1 2 278 279
278 2 132 1 0 
279 2 12 0 0 
107 1 2 116 117
116 2 685 0 0 
117 2 1074 3 0 
37 1 19 38 39
38 1 2 58 59
58 1 13 160 161
160 2 110 13 0 
161 1 5 266 267
266 2 63 0 0 
267 2 144 0 0 
59 1 3 110 111
110 1 13 242 243
242 2 129 2 0 
243 2 82 0 0 
111 1 5 166 167
166 1 13 274 275
274 2 145 2 0 
275 2 60 0 0 
167 1 13 214 215
214 2 180 1 0 
215 2 147 0 0 
39 1 13 42 43
42 1 2 104 105
104 1 5 294 295
294 2 83 1 0 
295 2 77 0 0 
105 1 3 178 179
178 2 76 1 0 
179 1 5 258 259
258 2 82 0 0 
259 2 138 28 0 
43 1 3 44 45
44 1 2 66 67
66 1 5 102 103
102 2 493 0 0 
103 2 849 0 0 
67 1 5 134 135
134 2 294 1 0 
135 2 209 1 0 
45 1 5 46 47
46 1 2 82 83
82 2 371 0 0 
83 2 1023 2 0 
47 1 2 48 49
48 2 2031 2 0 
49 2 21159 217 0 
