24 98 24 59
48 99 64 99
67 99 57 99
57 84 27 82
8 50 67 99
60 99 8 32
26 55 15 99
65 99 60 99
35 99 10 44
3 31 13 69
62 99 37 99
31 99 70 99
62 99 54 99
41 99 23 63
54 99 22 91
55 88 2 96
31 99 65 99
20 99 79 99
21 99 57 87
62 99 25 77
535
1 0 5 2 3
2 1 19 8 9
8 1 14 16 17
16 1 10 22 23
22 1 12 38 39
38 1 13 46 47
46 1 7 58 59
58 1 15 72 73
72 1 1 90 91
90 1 3 102 103
102 1 0 110 111
110 1 8 126 127
126 1 4 140 141
140 1 6 274 275
274 1 18 404 405
404 1 2 534 535
534 2 88 0 0 
535 2 15 0 0 
405 2 4 0 0 
275 1 16 406 407
406 2 174 0 0 
407 2 30 0 0 
141 1 2 156 157
156 1 6 168 169
168 1 18 352 353
352 2 151 0 0 
353 2 1 0 0 
169 1 16 186 187
186 1 11 220 221
220 1 18 242 243
242 1 9 264 265
264 1 17 480 481
480 2 92 3 0 
481 2 18 0 0 
265 1 17 302 303
302 2 233 2 0 
303 2 161 0 0 
243 1 9 498 499
498 2 23 0 0 
499 2 83 0 0 
221 2 53 1 0 
187 1 17 270 271
270 2 2 0 0 
271 1 18 372 373
372 2 11 1 0 
373 1 9 532 533
532 2 19 0 0 
533 2 83 0 0 
157 1 16 294 295
294 1 11 508 509
508 2 108 0 0 
509 2 2 0 0 
295 2 3 1 0 
127 1 2 442 443
442 2 118 9 0 
443 2 7 0 0 
111 1 2 208 209
208 1 6 292 293
292 2 65 0 0 
293 1 18 388 389
388 2 31 17 0 
389 1 17 530 531
530 2 3 4 0 
531 2 93 1 0 
209 2 72 0 0 
103 1 2 234 235
234 1 18 364 365
364 1 16 444 445
444 2 179 6 0 
445 2 2 0 0 
365 2 21 4 0 
235 2 30 1 0 
91 1 8 166 167
166 1 2 252 253
252 1 18 342 343
342 2 5 0 0 
343 1 6 484 485
484 2 3 0 0 
485 2 135 0 0 
253 2 1 1 0 
167 2 27 1 0 
73 1 2 214 215
214 1 6 304 305
304 1 0 434 435
434 2 147 0 0 
435 2 11 0 0 
305 1 8 458 459
458 2 86 5 0 
459 2 33 20 0 
215 2 47 1 0 
59 1 16 128 129
128 1 8 192 193
192 1 18 254 255
254 1 17 320 321
320 1 1 386 387
386 1 15 470 471
470 2 180 3 0 
471 2 10 0 0 
387 2 13 1 0 
321 2 9 1 0 
255 2 29 0 0 
193 2 61 0 0 
129 2 56 10 0 
47 1 7 108 109
108 1 2 180 181
180 1 8 246 247
246 1 3 520 521
520 2 19 1 0 
521 2 80 2 0 
247 1 3 326 327
326 2 81 15 0 
327 1 15 402 403
402 2 48 20 0 
403 1 0 496 497
496 2 20 0 0 
497 2 98 17 0 
181 2 49 4 0 
109 2 71 6 0 
39 1 6 202 203
202 2 71 0 0 
203 1 7 362 363
362 2 38 2 0 
363 2 158 4 0 
23 1 12 272 273
272 2 6 1 0 
273 1 7 382 383
382 2 22 7 0 
383 1 2 518 519
518 2 8 1 0 
519 2 99 1 0 
17 1 3 82 83
82 1 13 350 351
350 2 118 2 0 
351 2 21 0 0 
83 1 17 132 133
132 1 10 322 323
322 2 150 12 0 
323 2 10 0 0 
133 1 18 198 199
198 2 11 0 0 
199 1 0 236 237
236 2 6 4 0 
237 1 16 288 289
288 2 1 0 0 
289 1 13 340 341
340 2 16 1 0 
341 1 1 412 413
412 2 2 6 0 
413 1 15 486 487
486 2 11 1 0 
487 2 151 1 0 
9 1 10 28 29
28 1 18 226 227
226 1 0 460 461
460 2 128 0 0 
461 2 2 1 0 
227 2 22 51 0 
29 1 12 52 53
52 2 72 26 0 
53 1 2 74 75
74 1 18 182 183
182 1 17 278 279
278 1 0 432 433
432 2 131 3 0 
433 2 9 1 0 
279 2 7 1 0 
183 2 25 14 0 
75 1 7 96 97
96 1 17 218 219
218 1 18 338 339
338 2 150 3 0 
339 2 3 1 0 
219 2 18 13 0 
97 1 14 116 117
116 1 11 266 267
266 1 16 368 369
368 1 15 450 451
450 2 163 4 0 
451 2 7 0 0 
369 2 3 0 0 
267 2 45 2 0 
117 1 3 146 147
146 1 8 390 391
390 2 90 21 0 
391 2 25 2 0 
147 1 1 178 179
178 2 36 3 0 
179 1 16 212 213
212 2 52 1 0 
213 1 17 230 231
230 2 51 1 0 
231 1 18 256 257
256 2 13 0 0 
257 1 15 282 283
282 2 17 1 0 
283 1 8 310 311
310 2 39 8 0 
311 1 6 344 345
344 2 119 0 0 
345 1 4 380 381
380 2 103 21 0 
381 1 9 464 465
464 2 66 0 0 
465 2 160 0 0 
3 1 19 4 5
4 1 10 12 13
12 1 12 24 25
24 1 14 44 45
44 1 4 66 67
66 1 0 176 177
176 1 17 296 297
296 1 16 394 395
394 2 177 0 0 
395 2 10 0 0 
297 2 28 4 0 
177 1 8 510 511
510 2 20 0 0 
511 2 75 14 0 
67 1 15 98 99
98 1 1 134 135
134 1 0 160 161
160 1 13 196 197
196 1 8 244 245
244 1 16 312 313
312 1 18 430 431
430 2 159 0 0 
431 2 3 0 0 
313 2 53 1 0 
245 2 12 30 0 
197 2 13 9 0 
161 2 29 58 0 
135 2 73 3 0 
99 1 7 148 149
148 1 0 204 205
204 1 9 358 359
358 2 27 4 0 
359 2 123 37 0 
205 1 2 400 401
400 2 38 84 0 
401 2 1 1 0 
149 2 74 14 0 
45 1 3 144 145
144 1 0 308 309
308 2 132 1 0 
309 2 20 13 0 
145 1 15 232 233
232 2 85 11 0 
233 1 7 346 347
346 1 2 448 449
448 2 130 25 0 
449 2 8 0 0 
347 2 32 26 0 
25 1 7 280 281
280 2 13 1 0 
281 2 175 7 0 
13 1 1 170 171
170 2 41 0 0 
171 1 16 300 301
300 2 12 1 0 
301 1 18 482 483
482 2 6 0 0 
483 2 118 2 0 
5 1 10 6 7
6 1 12 34 35
34 1 1 78 79
78 1 4 130 131
130 1 17 398 399
398 2 130 16 0 
399 2 38 3 0 
131 1 0 200 201
200 1 18 318 319
318 1 16 414 415
414 1 11 524 525
524 2 107 0 0 
525 2 4 0 0 
415 2 11 0 0 
319 2 38 1 0 
201 1 7 466 467
466 2 33 77 0 
467 2 8 2 0 
79 1 14 330 331
330 2 31 0 0 
331 1 15 522 523
522 2 12 0 0 
523 2 92 5 0 
35 2 29 7 0 
7 1 14 10 11
10 1 12 32 33
32 1 1 420 421
420 2 107 11 0 
421 2 12 1 0 
33 1 18 76 77
76 1 16 112 113
112 1 17 152 153
152 1 0 174 175
174 1 8 222 223
222 1 13 260 261
260 1 1 306 307
306 1 15 354 355
354 1 2 428 429
428 2 49 0 0 
429 2 175 0 0 
355 2 95 0 0 
307 2 56 0 0 
261 2 58 0 0 
223 2 67 0 0 
175 2 42 1 0 
153 2 51 0 0 
113 2 80 0 0 
77 1 16 426 427
426 2 24 0 0 
427 2 87 16 0 
11 1 15 14 15
14 1 12 56 57
56 2 95 0 0 
57 1 2 104 105
104 1 18 416 417
416 2 111 1 0 
417 2 17 1 0 
105 1 7 154 155
154 2 91 2 0 
155 1 17 194 195
194 1 18 240 241
240 1 0 298 299
298 1 16 348 349
348 1 8 410 411
410 1 11 492 493
492 2 152 0 0 
493 2 1 0 0 
411 2 37 0 0 
349 2 19 0 0 
299 2 38 0 0 
241 2 19 0 0 
195 1 8 476 477
476 2 18 0 0 
477 2 95 1 0 
15 1 3 18 19
18 1 2 64 65
64 1 12 502 503
502 2 23 0 0 
503 2 86 0 0 
65 1 7 120 121
120 2 81 0 0 
121 1 12 158 159
158 2 36 0 0 
159 1 6 210 211
210 1 1 262 263
262 1 17 504 505
504 2 105 0 0 
505 2 8 0 0 
263 1 13 334 335
334 2 53 0 0 
335 1 4 506 507
506 2 107 0 0 
507 2 14 0 0 
211 1 1 314 315
314 2 76 0 0 
315 2 158 4 0 
19 1 12 20 21
20 1 13 164 165
164 2 69 0 0 
165 1 8 356 357
356 2 44 2 0 
357 1 6 514 515
514 2 71 1 0 
515 2 24 9 0 
21 1 7 26 27
26 1 13 118 119
118 1 8 472 473
472 2 109 1 0 
473 2 9 0 0 
119 1 8 290 291
290 2 57 2 0 
291 1 11 374 375
374 2 45 21 0 
375 2 166 20 0 
27 1 2 30 31
30 1 13 228 229
228 2 72 0 0 
229 1 1 418 419
418 2 16 0 0 
419 2 153 3 0 
31 1 13 36 37
36 1 17 88 89
88 1 18 142 143
142 1 11 188 189
188 1 0 250 251
250 1 8 316 317
316 1 16 366 367
366 1 4 438 439
438 2 65 0 0 
439 1 9 528 529
528 2 16 0 0 
529 2 91 0 0 
367 2 2 0 0 
317 2 58 0 0 
251 2 58 0 0 
189 2 32 2 0 
143 2 41 0 0 
89 1 6 440 441
440 2 6 0 0 
441 2 119 1 0 
37 1 8 40 41
40 1 17 84 85
84 1 1 138 139
138 1 16 494 495
494 2 109 0 0 
495 2 3 0 0 
139 1 0 216 217
216 1 18 286 287
286 1 16 332 333
332 1 6 396 397
396 1 4 488 489
488 2 88 0 0 
489 2 73 0 0 
397 2 42 0 0 
333 2 50 0 0 
287 2 28 0 0 
217 1 4 500 501
500 2 102 0 0 
501 2 23 0 0 
85 1 1 462 463
462 2 3 0 0 
463 2 118 0 0 
41 1 1 42 43
42 1 18 206 207
206 1 17 370 371
370 1 6 424 425
424 1 11 490 491
490 2 158 0 0 
491 2 14 0 0 
425 2 50 0 0 
371 2 43 0 0 
207 1 0 456 457
456 2 5 0 0 
457 2 122 1 0 
43 1 0 48 49
48 1 17 68 69
68 1 18 100 101
100 1 6 124 125
124 1 4 150 151
150 1 9 190 191
190 1 11 258 259
258 1 16 328 329
328 2 414 0 0 
329 2 6 0 0 
259 1 16 422 423
422 2 1 0 0 
423 2 137 0 0 
191 1 11 284 285
284 1 16 474 475
474 2 112 0 0 
475 2 5 0 0 
285 1 16 468 469
468 2 1 0 0 
469 2 127 0 0 
151 1 16 238 239
238 1 11 324 325
324 1 9 478 479
478 2 33 0 0 
479 2 94 0 0 
325 2 1 0 0 
239 2 46 0 0 
125 1 4 454 455
454 2 100 0 0 
455 2 30 0 0 
101 1 16 384 385
384 2 23 0 0 
385 2 145 0 0 
69 1 16 360 361
360 2 21 0 0 
361 2 169 0 0 
49 1 16 50 51
50 1 11 136 137
136 1 18 268 269
268 1 17 336 337
336 1 9 376 377
376 1 4 446 447
446 1 6 512 513
512 2 81 0 0 
513 2 29 0 0 
447 2 12 0 0 
377 2 55 0 0 
337 2 86 0 0 
269 1 9 408 409
408 2 166 0 0 
409 2 78 0 0 
137 2 8 0 0 
51 1 11 54 55
54 1 4 436 437
436 2 107 0 0 
437 2 48 0 0 
55 1 18 60 61
60 1 4 114 115
114 1 17 162 163
162 1 6 224 225
224 1 9 276 277
276 2 355 0 0 
277 2 209 0 0 
225 1 9 452 453
452 2 102 0 0 
453 2 33 0 0 
163 1 6 516 517
516 2 61 0 0 
517 2 43 0 0 
115 2 104 0 0 
61 1 17 62 63
62 1 4 122 123
122 1 9 184 185
184 1 6 248 249
248 2 295 0 0 
249 2 184 0 0 
185 1 6 378 379
378 2 140 0 0 
379 2 123 0 0 
123 1 9 392 393
392 2 76 0 0 
393 1 6 526 527
526 2 27 0 0 
527 2 80 0 0 
63 1 6 70 71
70 1 4 92 93
92 1 9 106 107
106 2 1488 1 0 
107 2 797 0 0 
93 1 9 172 173
172 2 178 0 0 
173 2 331 0 0 
71 1 9 80 81
80 1 4 94 95
94 2 2612 8 0 
95 2 2020 7 0 
81 1 4 86 87
86 2 1632 0 0 
87 2 8807 23 0 
