16 94 24 79 4
77 98 18 40 5
63 99 77 99 2
12 45 0 46 2
62 99 36 99 5
34 84 19 56 4
36 98 47 76 7
75 99 38 99 7
0 67 68 92 7
69 99 9 51 5
36 99 61 93 7
5 99 34 97 7
20 68 57 78 0
66 99 71 99 7
43 99 9 99 4
25 57 53 99 3
71 99 3 74 0
56 90 61 99 0
72 99 50 99 0
51 77 49 99 1
5 75 69 99 0
18 46 59 99 6
23 78 12 71 3
0 97 39 99 7
43 99 78 99 3
563
1 0 2 2 3
2 1 15 6 7
6 1 24 12 13
12 1 23 30 31
30 1 22 52 53
52 1 21 80 81
80 1 20 106 107
106 1 19 274 275
274 1 13 446 447
446 2 54 0 0 
447 2 3 15 0 
275 2 34 1 0 
107 1 19 130 131
130 1 18 188 189
188 1 17 398 399
398 2 26 7 0 
399 2 58 0 0 
189 1 17 240 241
240 2 31 0 0 
241 1 3 310 311
310 1 9 490 491
490 2 29 3 0 
491 2 14 16 0 
311 1 16 380 381
380 2 38 0 0 
381 1 14 468 469
468 2 16 2 0 
469 2 77 0 0 
131 1 18 346 347
346 2 26 0 0 
347 2 83 0 0 
81 1 11 190 191
190 1 17 270 271
270 2 33 18 0 
271 1 10 518 519
518 2 63 1 0 
519 2 5 1 0 
191 2 2 1 0 
53 1 21 160 161
160 1 7 266 267
266 1 20 392 393
392 2 19 0 0 
393 1 19 540 541
540 2 56 0 0 
541 2 3 0 0 
267 2 11 10 0 
161 1 18 478 479
478 2 5 15 0 
479 2 34 1 0 
31 1 22 390 391
390 2 32 1 0 
391 2 39 0 0 
13 1 14 26 27
26 1 13 40 41
40 1 12 54 55
54 1 4 92 93
92 1 20 236 237
236 2 54 9 0 
237 1 1 438 439
438 2 69 0 0 
439 2 14 1 0 
93 1 1 342 343
342 2 69 1 0 
343 2 26 3 0 
55 1 5 82 83
82 1 23 122 123
122 1 22 176 177
176 1 17 280 281
280 2 40 11 0 
281 1 16 386 387
386 2 36 15 0 
387 2 75 7 0 
177 1 18 272 273
272 2 24 5 0 
273 1 21 384 385
384 1 20 520 521
520 2 9 0 0 
521 2 64 0 0 
385 2 38 0 0 
123 1 0 556 557
556 2 43 0 0 
557 2 6 2 0 
83 1 23 166 167
166 1 10 202 203
202 1 7 288 289
288 1 9 394 395
394 1 18 558 559
558 2 13 0 0 
559 2 36 4 0 
395 1 3 542 543
542 2 10 17 0 
543 2 28 7 0 
289 2 20 2 0 
203 2 26 20 0 
167 2 32 9 0 
41 1 22 132 133
132 1 20 210 211
210 1 21 434 435
434 2 15 50 0 
435 2 12 33 0 
211 1 3 414 415
414 2 31 6 0 
415 2 61 3 0 
133 1 20 230 231
230 2 13 66 0 
231 2 31 0 0 
27 1 4 50 51
50 1 12 104 105
104 1 9 474 475
474 2 40 7 0 
475 2 5 9 0 
105 1 13 148 149
148 1 19 264 265
264 1 3 374 375
374 1 0 476 477
476 2 17 0 0 
477 2 6 45 0 
375 2 60 1 0 
265 2 16 7 0 
149 1 17 246 247
246 2 22 72 0 
247 2 25 29 0 
51 1 16 142 143
142 2 19 30 0 
143 1 20 300 301
300 1 13 444 445
444 2 5 9 0 
445 2 3 62 0 
301 1 9 402 403
402 2 19 11 0 
403 1 18 488 489
488 2 2 0 0 
489 2 2 55 0 
7 1 14 18 19
18 1 4 44 45
44 1 22 96 97
96 1 10 196 197
196 1 9 400 401
400 2 82 2 0 
401 2 14 13 0 
197 2 23 20 0 
97 1 3 164 165
164 1 7 328 329
328 2 84 0 0 
329 2 16 10 0 
165 1 13 318 319
318 1 24 466 467
466 2 19 0 0 
467 2 60 0 0 
319 2 17 4 0 
45 1 12 134 135
134 2 38 20 0 
135 1 13 298 299
298 1 6 486 487
486 2 66 3 0 
487 2 7 1 0 
299 2 18 16 0 
19 1 24 32 33
32 1 22 124 125
124 1 23 248 249
248 1 1 418 419
418 2 75 0 0 
419 2 22 3 0 
249 2 6 0 0 
125 1 23 320 321
320 1 21 496 497
496 2 60 0 0 
497 2 1 0 0 
321 2 12 0 0 
33 1 4 70 71
70 1 3 136 137
136 1 0 432 433
432 2 51 0 0 
433 2 11 13 0 
137 1 7 362 363
362 2 42 7 0 
363 2 3 27 0 
71 1 13 330 331
330 2 20 24 0 
331 2 3 66 0 
3 1 0 4 5
4 1 24 8 9
8 1 23 16 17
16 1 22 24 25
24 1 21 34 35
34 1 20 56 57
56 1 19 116 117
116 1 18 224 225
224 2 45 0 0 
225 1 7 422 423
422 2 83 1 0 
423 2 1 1 0 
117 1 6 322 323
322 1 18 532 533
532 2 24 0 0 
533 2 34 14 0 
323 2 5 1 0 
57 1 19 68 69
68 1 18 98 99
98 1 17 212 213
212 2 41 0 0 
213 1 16 482 483
482 2 28 0 0 
483 2 41 0 0 
99 1 17 128 129
128 1 16 484 485
484 2 10 0 0 
485 2 49 0 0 
129 1 16 168 169
168 1 15 278 279
278 1 5 396 397
396 2 58 5 0 
397 2 54 0 0 
279 2 39 0 0 
169 1 15 218 219
218 1 14 306 307
306 1 3 458 459
458 2 15 3 0 
459 2 54 4 0 
307 1 13 376 377
376 1 9 450 451
450 2 78 0 0 
451 2 23 1 0 
377 2 5 0 0 
219 1 14 448 449
448 2 21 0 0 
449 2 59 0 0 
69 1 18 138 139
138 1 6 304 305
304 1 17 528 529
528 2 41 0 0 
529 2 22 0 0 
305 2 1 1 0 
139 1 8 290 291
290 1 12 430 431
430 2 36 2 0 
431 2 56 6 0 
291 2 5 2 0 
35 1 20 110 111
110 1 17 254 255
254 2 56 7 0 
255 2 70 0 0 
111 1 6 216 217
216 1 7 324 325
324 1 19 470 471
470 2 46 0 0 
471 2 36 0 0 
325 2 4 7 0 
217 2 8 2 0 
25 1 21 46 47
46 1 20 78 79
78 1 9 238 239
238 1 7 408 409
408 2 90 0 0 
409 2 2 1 0 
239 2 19 3 0 
79 1 19 120 121
120 1 18 162 163
162 1 17 472 473
472 2 21 0 0 
473 2 38 0 0 
163 1 17 208 209
208 2 27 0 0 
209 1 16 262 263
262 1 15 522 523
522 2 33 1 0 
523 2 32 0 0 
263 1 15 354 355
354 1 14 462 463
462 2 28 0 0 
463 2 58 0 0 
355 1 14 456 457
456 2 33 0 0 
457 2 68 0 0 
121 1 18 412 413
412 2 12 2 0 
413 2 62 0 0 
47 1 9 220 221
220 1 17 378 379
378 2 40 4 0 
379 2 60 0 0 
221 2 25 9 0 
17 1 22 62 63
62 1 21 228 229
228 1 6 494 495
494 2 56 0 0 
495 2 3 2 0 
229 2 32 1 0 
63 1 21 184 185
184 1 5 302 303
302 1 20 428 429
428 2 39 0 0 
429 2 68 0 0 
303 2 46 2 0 
185 1 20 562 563
562 2 20 0 0 
563 2 30 0 0 
9 1 23 20 21
20 1 22 42 43
42 1 21 88 89
88 1 20 152 153
152 1 19 504 505
504 2 32 0 0 
505 2 22 0 0 
153 1 19 234 235
234 1 16 296 297
296 2 51 8 0 
297 1 1 382 383
382 1 18 530 531
530 2 3 0 0 
531 2 59 0 0 
383 2 21 19 0 
235 2 46 2 0 
89 1 6 510 511
510 2 54 1 0 
511 2 4 3 0 
43 1 21 66 67
66 1 20 102 103
102 1 19 292 293
292 2 79 0 0 
293 2 24 0 0 
103 1 19 156 157
156 1 18 206 207
206 1 17 544 545
544 2 18 0 0 
545 2 34 0 0 
207 1 17 282 283
282 2 20 0 0 
283 1 16 364 365
364 2 54 9 0 
365 1 15 416 417
416 1 3 546 547
546 2 21 0 0 
547 2 34 2 0 
417 1 14 552 553
552 2 45 0 0 
553 2 11 0 0 
157 2 51 0 0 
67 1 20 252 253
252 2 45 0 0 
253 1 10 524 525
524 2 46 0 0 
525 2 11 1 0 
21 1 22 84 85
84 1 11 370 371
370 2 45 1 0 
371 2 31 4 0 
85 1 21 174 175
174 1 20 326 327
326 2 58 0 0 
327 1 6 508 509
508 2 41 0 0 
509 2 20 2 0 
175 1 13 442 443
442 2 60 1 0 
443 2 5 1 0 
5 1 24 10 11
10 1 22 14 15
14 1 23 22 23
22 1 21 28 29
28 1 20 38 39
38 1 19 74 75
74 1 18 126 127
126 1 17 350 351
350 2 41 0 0 
351 2 47 0 0 
127 1 17 192 193
192 1 14 500 501
500 2 5 1 0 
501 2 53 0 0 
193 1 16 284 285
284 2 48 1 0 
285 1 15 420 421
420 2 72 1 0 
421 2 16 0 0 
75 1 18 186 187
186 2 56 2 0 
187 1 17 358 359
358 2 53 1 0 
359 2 59 3 0 
39 1 19 48 49
48 1 18 60 61
60 1 17 108 109
108 1 16 268 269
268 2 20 0 0 
269 1 5 480 481
480 2 18 1 0 
481 2 55 0 0 
109 1 16 200 201
200 2 41 0 0 
201 1 15 336 337
336 1 3 464 465
464 2 11 1 0 
465 2 60 0 0 
337 2 17 0 0 
61 1 17 76 77
76 1 16 172 173
172 2 36 0 0 
173 1 15 260 261
260 1 14 426 427
426 2 11 0 0 
427 2 69 0 0 
261 2 27 0 0 
77 1 16 86 87
86 1 15 182 183
182 1 14 294 295
294 2 34 0 0 
295 1 12 424 425
424 2 14 0 0 
425 2 77 0 0 
183 2 40 0 0 
87 1 15 94 95
94 1 14 118 119
118 1 13 352 353
352 1 9 526 527
526 2 39 2 0 
527 2 21 2 0 
353 2 4 0 0 
119 1 12 140 141
140 1 9 222 223
222 1 7 338 339
338 1 13 548 549
548 2 51 0 0 
549 2 2 0 0 
339 2 3 0 0 
223 2 23 0 0 
141 1 9 154 155
154 1 13 180 181
180 1 5 198 199
198 1 8 334 335
334 2 98 0 0 
335 2 1 0 0 
199 1 8 226 227
226 1 7 244 245
244 1 3 276 277
276 1 1 460 461
460 2 58 11 0 
461 2 8 3 0 
277 1 6 308 309
308 1 4 332 333
332 1 1 388 389
388 2 178 10 0 
389 2 27 1 0 
333 2 23 0 0 
309 2 3 0 0 
245 2 2 0 0 
227 2 5 0 0 
181 2 9 0 0 
155 1 8 406 407
406 1 1 536 537
536 2 21 4 0 
537 2 16 12 0 
407 2 2 0 0 
95 1 14 170 171
170 2 30 0 0 
171 1 13 250 251
250 1 12 368 369
368 2 20 0 0 
369 1 3 498 499
498 2 18 3 0 
499 2 58 0 0 
251 2 7 0 0 
49 1 18 90 91
90 1 3 410 411
410 2 19 1 0 
411 2 61 2 0 
91 1 17 150 151
150 1 15 360 361
360 1 14 560 561
560 2 21 2 0 
561 2 32 0 0 
361 2 17 0 0 
151 1 16 214 215
214 2 29 0 0 
215 1 15 314 315
314 1 9 440 441
440 2 72 1 0 
441 2 11 2 0 
315 2 15 0 0 
29 1 20 64 65
64 1 19 144 145
144 1 18 356 357
356 2 26 0 0 
357 2 74 0 0 
145 1 7 312 313
312 1 9 492 493
492 2 54 0 0 
493 2 13 1 0 
313 2 5 3 0 
65 1 19 100 101
100 1 18 178 179
178 1 17 506 507
506 2 16 0 0 
507 2 43 0 0 
179 1 17 256 257
256 2 26 0 0 
257 1 16 348 349
348 2 19 0 0 
349 1 15 512 513
512 2 55 0 0 
513 2 3 0 0 
101 1 18 242 243
242 2 49 0 0 
243 1 17 454 455
454 2 30 0 0 
455 2 42 0 0 
23 1 7 258 259
258 2 77 3 0 
259 2 7 6 0 
15 1 23 58 59
58 1 21 112 113
112 1 20 158 159
158 1 19 538 539
538 2 38 0 0 
539 2 15 0 0 
159 1 19 232 233
232 1 18 316 317
316 2 20 0 0 
317 1 17 404 405
404 2 10 0 0 
405 1 16 514 515
514 2 11 0 0 
515 2 74 0 0 
233 2 25 0 0 
113 1 20 344 345
344 2 24 0 0 
345 2 57 0 0 
59 2 39 0 0 
11 1 23 36 37
36 1 22 72 73
72 1 21 114 115
114 1 20 146 147
146 1 19 436 437
436 2 51 2 0 
437 2 21 0 0 
147 1 19 204 205
204 1 18 286 287
286 1 17 554 555
554 2 20 0 0 
555 2 31 0 0 
287 1 17 372 373
372 2 20 0 0 
373 1 3 452 453
452 2 17 4 0 
453 1 6 534 535
534 2 70 5 0 
535 2 2 1 0 
205 1 18 502 503
502 2 16 0 0 
503 2 45 0 0 
115 1 7 366 367
366 2 62 14 0 
367 2 10 3 0 
73 1 21 194 195
194 1 20 340 341
340 2 21 0 0 
341 1 19 550 551
550 2 50 0 0 
551 2 3 0 0 
195 2 20 0 0 
37 1 8 516 517
516 2 44 1 0 
517 2 4 4 0 
