1787
-1 -1 -1 -1
-1 -1 -1 -1
-1 -1 -1 -1
-1 -1 -1 -1
-1 -1 -1 -1
-1 -1 -1 -1
-1 -1 -1 -1
-1 -1 -1 -1
-1 -1 -1 -1
-1 -1 -1 -1
-1 -1 -1 -1
-1 -1 -1 -1
-1 -1 -1 -1
-1 -1 -1 -1
-1 -1 -1 -1
-1 -1 -1 -1
-1 -1 -1 -1
-1 -1 -1 -1
-1 -1 -1 -1
-1 -1 -1 -1
-1 -1 -1 -1
-1 -1 -1 -1
-1 -1 -1 -1
-1 -1 -1 -1
-1 -1 -1 -1
-1 -1 -1 -1
-1 -1 -1 -1
-1 -1 -1 -1
-1 -1 -1 -1
-1 -1 -1 -1
-1 -1 -1 -1
-1 -1 -1 -1
-1 -1 -1 -1
-1 -1 -1 -1
-1 -1 -1 -1
-1 -1 -1 -1
-1 -1 -1 -1
-1 -1 -1 -1
-1 -1 -1 -1
-1 -1 -1 -1
-1 -1 -1 -1
-1 -1 -1 -1
-1 -1 -1 -1
-1 -1 -1 -1
-1 -1 -1 -1
-1 -1 -1 -1
-1 -1 -1 -1
-1 -1 -1 -1
-1 -1 -1 -1
-1 -1 -1 -1
-1 -1 -1 -1
-1 -1 -1 -1
-1 -1 -1 -1
-1 -1 -1 -1
-1 -1 -1 -1
-1 -1 -1 -1
-1 -1 -1 -1
170 240 465 479
170 240 460 479
170 240 450 479
170 240 445 479
165 245 435 479
165 245 430 479
165 245 425 479
168 245 420 479
168 245 415 479
168 245 410 479
168 245 408 479
168 245 405 479
168 247 400 479
168 250 398 479
170 250 395 479
170 250 395 479
170 250 395 479
170 250 390 479
170 250 390 479
170 250 390 479
170 250 385 479
170 250 380 479
175 255 380 479
178 255 375 479
178 255 375 475
180 250 370 470
182 250 365 465
182 248 362 460
185 245 360 456
185 250 357 452
185 248 354 449
186 248 350 446
186 249 348 443
187 249 347 440
187 251 346 438
188 251 344 437
188 252 343 435
188 251 342 432
188 252 341 432
188 252 340 431
189 252 340 428
190 252 336 425
191 253 333 419
192 253 330 414
193 253 325 409
194 253 321 404
196 254 318 398
197 254 313 393
197 255 308 389
198 255 306 386
199 255 304 383
200 254 301 380
200 256 299 375
201 256 298 372
201 257 296 370
202 257 293 368
202 257 292 365
202 257 290 363
202 257 289 360
202 256 288 359
201 255 287 358
200 254 286 356
199 252 285 355
198 251 283 353
198 250 280 350
198 250 277 346
198 250 274 343
199 249 272 339
199 249 269 336
199 249 267 334
198 248 265 331
197 247 263 328
197 247 261 326
197 247 260 324
197 246 258 321
197 246 257 320
197 246 256 318
197 246 255 317
197 246 254 315
197 245 253 314
197 245 253 314
197 245 253 313
197 245 252 312
197 245 251 311
197 245 251 312
197 245 251 312
197 245 251 311
198 245 250 309
199 245 247 307
199 245 245 304
200 246 243 301
200 246 240 299
201 246 238 295
201 247 236 292
202 247 235 291
202 247 233 288
203 247 231 286
203 247 230 284
203 247 228 282
204 247 227 280
204 247 226 279
204 248 225 277
205 248 224 276
205 248 223 274
205 248 222 273
205 248 221 273
205 247 221 272
204 247 220 271
203 246 220 271
203 245 219 270
202 244 218 270
201 244 216 268
201 244 214 266
201 243 212 263
202 243 210 261
202 243 208 258
202 242 207 256
202 242 206 254
202 242 205 251
202 242 203 250
202 242 202 249
202 242 201 247
202 242 200 247
203 242 199 246
203 242 198 245
203 242 197 244
203 242 197 243
203 242 196 243
203 241 196 242
203 241 196 242
202 241 195 241
203 241 194 241
203 241 193 240
203 242 191 238
204 242 190 236
205 242 188 233
205 242 186 230
206 243 184 228
206 243 183 226
206 243 181 224
207 243 180 224
207 243 179 223
207 243 177 218
207 243 176 217
208 243 176 216
208 243 174 215
208 243 173 214
208 243 172 214
208 243 172 214
208 243 171 213
208 242 170 213
208 242 170 209
207 242 169 209
207 242 168 208
207 242 167 207
207 242 166 205
208 242 165 203
208 242 163 201
208 241 161 198
208 241 160 197
208 241 159 195
208 240 157 192
207 240 156 191
207 240 155 191
207 239 154 188
207 239 152 190
207 239 151 186
207 238 150 184
206 238 150 183
206 237 149 182
206 237 148 181
206 237 148 180
206 237 147 180
206 236 146 178
205 236 146 178
204 234 145 177
203 233 145 177
202 232 144 176
201 231 144 176
200 231 144 176
200 230 143 176
200 230 142 175
200 230 141 173
201 231 140 174
201 231 139 172
202 231 139 170
202 231 138 169
202 232 137 168
203 232 137 167
203 232 136 166
203 232 136 166
203 232 135 165
203 232 135 165
202 231 134 164
202 231 134 164
201 230 134 163
200 229 133 163
200 228 133 163
199 227 133 162
198 226 132 162
197 226 132 162
196 225 132 162
195 224 132 162
195 224 132 162
195 224 132 162
195 223 132 162
194 223 132 162
194 223 132 162
194 223 132 162
193 222 132 162
193 222 132 162
193 221 132 162
192 221 132 163
191 220 133 163
190 219 134 164
189 218 135 164
188 217 135 164
187 216 135 165
187 216 136 166
186 215 136 167
185 215 137 167
185 214 137 167
184 214 137 168
184 213 137 168
184 213 137 168
184 213 137 168
183 213 138 168
183 213 137 168
183 212 137 168
182 212 137 168
182 212 137 168
182 211 137 168
181 211 137 168
181 210 137 168
180 210 137 168
180 210 137 168
180 209 137 168
179 209 137 168
179 209 137 168
179 208 137 168
178 208 137 168
178 207 137 168
178 207 138 168
177 206 138 168
177 206 139 169
176 205 140 170
175 205 141 172
175 204 142 173
174 204 143 174
173 203 144 175
173 203 144 175
172 202 145 176
171 202 146 177
170 201 146 178
169 200 147 179
168 199 147 179
167 198 147 180
166 197 148 180
165 196 148 180
164 195 148 181
163 194 148 181
162 194 148 181
162 194 148 181
162 193 148 181
161 193 148 181
161 193 148 181
160 192 149 181
160 192 149 181
159 191 150 183
158 191 151 184
157 190 152 185
157 190 152 186
156 189 153 187
155 189 154 188
155 188 154 188
154 187 155 189
154 187 155 189
153 186 156 190
153 186 156 190
152 185 156 190
151 185 156 190
151 184 156 190
151 184 156 190
150 183 157 191
150 183 157 191
149 182 158 192
149 182 158 193
148 181 159 193
147 180 160 194
147 180 160 194
146 179 160 195
145 178 161 195
145 178 161 196
145 178 161 196
144 177 161 196
144 177 161 196
144 177 161 196
144 177 161 196
143 177 161 196
143 177 161 196
143 176 162 196
143 176 162 197
142 176 163 197
142 176 164 197
141 176 165 199
141 175 165 200
141 175 165 201
141 175 166 201
140 174 166 202
140 174 166 202
140 174 166 202
140 174 166 202
140 174 166 202
140 174 166 202
140 174 166 202
140 174 166 202
140 174 167 203
140 174 168 203
139 173 169 205
138 173 170 206
138 172 172 208
137 172 173 210
136 171 175 213
135 170 177 216
134 170 178 217
133 170 179 219
132 169 181 221
132 168 182 225
131 168 184 227
130 167 185 229
130 167 185 230
129 166 185 230
128 166 188 233
128 165 188 232
127 165 189 234
126 164 191 235
124 163 191 235
123 162 192 236
122 161 192 236
121 160 192 236
120 159 193 236
119 158 194 239
118 158 196 241
117 157 197 242
116 156 199 244
115 155 201 246
114 155 203 248
113 154 204 249
112 153 205 251
112 153 206 253
111 153 207 254
110 152 208 255
110 152 209 256
109 151 210 258
109 151 210 260
109 150 211 260
108 150 211 262
107 150 212 264
106 149 213 265
105 148 215 266
104 148 217 269
103 147 220 271
101 146 223 275
100 145 225 279
99 145 227 281
98 144 229 284
96 143 231 286
95 142 233 289
94 142 235 293
93 141 237 295
92 141 239 298
92 140 240 301
91 140 241 303
90 140 242 303
90 139 244 304
89 139 245 304
89 138 246 305
89 138 247 305
88 138 247 308
88 137 248 308
87 137 249 310
86 137 251 312
85 137 253 315
84 136 256 320
82 136 258 325
82 135 260 327
81 134 262 330
81 134 263 331
80 134 265 336
79 134 267 339
78 134 270 340
78 133 271 342
78 133 272 343
77 133 273 346
77 132 274 346
77 132 275 347
77 132 276 348
76 132 276 348
75 132 277 349
74 132 278 351
74 131 280 355
73 131 284 358
72 130 287 361
70 130 289 367
69 129 293 370
68 129 296 375
67 129 300 380
66 128 304 385
65 128 306 390
64 127 308 395
63 127 310 398
63 127 312 400
62 126 315 403
61 126 318 404
61 126 319 407
60 126 320 410
59 125 321 413
57 125 324 418
54 124 329 423
52 124 333 428
51 122 339 436
48 122 345 445
47 122 350 450
46 120 354 455
44 120 357 460
43 119 364 465
40 118 367 473
39 118 371 479
38 118 374 479
37 118 377 479
36 118 380 479
35 117 383 479
35 115 385 479
34 115 387 479
33 115 389 479
32 114 390 479
32 114 392 479
32 113 393 479
32 113 394 479
32 113 394 479
32 113 394 479
32 113 392 479
33 114 390 479
35 115 387 479
36 116 383 479
38 117 379 479
39 117 376 479
38 117 372 479
39 118 369 479
41 118 367 475
42 118 365 473
43 118 362 466
44 119 360 463
44 119 358 460
45 119 357 458
45 119 356 457
45 120 355 456
45 120 355 455
45 120 355 455
45 120 354 453
46 120 352 450
47 121 351 445
49 121 344 440
51 122 340 435
51 123 336 430
53 123 332 428
53 124 329 423
55 124 326 420
57 125 323 417
58 125 321 413
59 125 320 410
60 126 317 405
61 126 315 403
62 126 313 403
62 127 312 402
63 127 311 400
63 127 310 397
63 127 309 393
64 129 306 390
65 130 302 385
66 130 298 380
68 131 294 375
68 131 291 370
70 132 288 365
72 133 286 360
73 134 284 358
74 134 281 355
74 134 279 351
75 134 277 348
77 135 276 348
78 135 273 346
78 136 272 343
79 136 270 340
79 136 269 337
80 137 268 335
81 137 266 335
82 138 263 332
82 138 261 330
84 139 259 327
85 140 257 325
83 140 255 320
86 140 253 317
88 141 251 315
88 141 250 310
89 142 248 313
90 142 247 311
90 143 246 310
90 143 245 310
91 143 244 309
91 143 243 309
92 143 242 305
92 143 241 305
92 144 239 300
94 145 236 295
96 145 233 292
97 146 231 290
98 147 228 286
98 147 226 285
100 148 224 281
101 149 222 277
101 149 220 275
102 150 219 273
103 150 217 272
104 150 216 270
105 151 215 267
105 150 213 266
106 151 212 265
106 151 211 263
107 151 209 260
108 152 208 257
109 153 205 255
110 154 202 253
111 154 200 250
112 155 198 247
114 156 195 245
115 156 193 242
116 157 192 240
116 157 190 238
117 158 189 236
118 159 187 233
119 159 185 232
119 159 184 231
120 160 183 230
121 160 182 228
121 161 181 226
122 161 180 224
122 161 179 223
123 162 178 222
124 162 176 221
124 163 174 220
126 163 173 217
127 164 171 213
127 165 169 210
129 166 167 208
129 166 166 207
131 167 164 206
131 167 163 204
132 168 161 203
133 169 160 202
134 169 159 201
134 170 158 198
135 170 157 194
135 170 156 194
136 171 155 193
137 172 154 193
137 172 152 193
138 172 152 190
138 172 152 190
139 173 150 190
140 174 149 187
141 174 148 185
142 175 146 182
143 175 145 180
144 176 144 179
144 177 142 178
145 177 141 177
146 178 140 176
146 178 139 175
147 178 138 174
148 179 137 173
148 179 137 172
149 180 136 170
149 180 135 169
150 180 135 168
150 181 134 168
150 181 133 167
150 181 133 167
151 181 133 167
151 181 132 167
151 182 132 167
152 181 132 166
152 182 131 164
152 182 131 163
153 183 130 163
153 183 129 162
154 183 128 162
154 184 128 161
153 184 127 160
155 184 126 158
156 185 126 158
156 185 125 158
156 185 125 157
157 185 124 156
157 186 124 156
157 186 123 155
158 186 123 154
158 186 123 154
158 186 122 154
158 186 122 154
158 186 122 154
158 187 122 154
158 187 122 154
158 187 122 154
158 187 122 154
158 187 122 154
158 187 122 154
158 186 122 155
158 186 123 155
157 185 123 156
156 185 124 157
156 183 125 158
156 182 126 159
155 181 127 159
155 181 127 159
155 181 128 160
155 181 129 161
155 181 130 163
155 181 130 164
155 181 131 164
155 181 132 163
154 181 132 163
154 181 132 165
154 181 133 165
154 181 133 166
154 181 134 167
154 181 134 167
154 181 134 166
154 181 135 168
154 182 136 168
154 182 137 168
154 182 138 168
154 183 138 169
154 183 139 171
154 183 140 171
154 184 140 173
154 184 141 173
154 184 141 173
154 185 142 173
155 185 142 178
155 185 142 178
155 185 142 178
155 185 143 178
155 185 143 178
155 185 143 178
155 186 144 179
155 186 144 181
154 187 145 183
154 188 146 184
153 189 148 186
153 190 149 186
153 191 150 187
153 192 151 187
154 194 151 187
154 194 152 192
155 196 153 192
156 197 154 193
156 198 155 193
157 199 155 195
158 199 154 196
158 200 156 196
159 200 157 197
160 201 158 197
161 203 159 199
162 205 160 201
162 206 161 202
162 209 163 205
163 212 165 207
164 215 167 207
166 219 168 211
169 223 170 212
170 226 171 213
174 229 173 214
175 231 173 216
177 233 175 219
178 234 176 219
177 234 176 219
176 232 175 217
174 231 174 217
172 230 174 219
169 227 173 216
167 225 172 215
165 223 171 215
163 223 171 214
161 220 170 212
160 218 170 212
159 217 169 210
158 217 169 210
157 215 168 210
156 214 168 210
155 216 168 209
152 211 167 207
150 208 166 205
145 205 165 203
140 201 164 202
134 196 163 202
128 192 161 200
122 185 160 199
116 179 158 198
111 173 157 197
105 168 156 197
101 164 155 195
96 159 153 192
92 155 153 191
89 151 152 190
85 148 151 189
82 144 150 188
80 142 150 187
77 140 149 187
77 139 148 187
77 139 148 188
77 139 148 188
78 141 150 189
79 142 150 190
81 144 150 187
82 145 150 189
84 146 151 190
84 147 151 190
84 148 151 190
85 148 151 191
85 148 151 191
85 148 151 191
85 149 151 190
86 150 152 190
88 152 152 187
89 154 152 190
93 158 153 191
96 162 154 193
100 167 155 192
104 172 156 192
109 179 157 194
114 184 158 195
118 190 159 197
123 196 159 197
128 201 160 198
133 205 161 199
136 209 161 199
140 213 161 200
144 215 162 200
146 218 162 200
150 221 162 200
152 223 163 200
155 225 163 200
157 228 163 200
159 229 163 200
161 231 163 201
163 233 164 200
167 236 163 202
170 239 164 202
173 243 164 205
176 248 164 205
179 251 165 205
182 255 165 206
184 258 165 207
186 260 165 207
185 261 166 205
184 259 166 206
184 257 167 206
183 256 167 206
183 255 167 206
183 255 167 206
182 255 167 206
182 255 167 206
182 255 167 205
182 255 167 205
181 253 167 205
178 251 166 204
176 248 166 203
169 244 166 204
167 239 167 204
156 232 166 204
148 223 166 202
141 216 166 200
133 209 166 200
125 202 166 203
119 196 166 201
112 190 166 201
105 183 166 201
98 176 166 201
92 168 165 201
88 162 165 201
82 158 165 201
78 155 165 201
72 151 165 200
68 147 165 201
66 143 164 201
65 143 164 201
65 143 164 201
67 144 164 201
69 148 165 201
74 151 165 201
79 156 166 201
84 161 166 201
92 167 165 201
100 177 166 201
109 187 166 201
119 197 165 201
127 207 165 202
138 213 164 199
145 220 163 200
153 227 162 200
163 233 161 198
169 238 161 200
173 241 161 200
175 244 161 200
176 244 160 200
176 244 160 200
174 243 161 200
170 240 161 201
168 236 162 201
163 232 163 200
155 228 163 200
149 222 164 202
144 216 166 203
140 212 167 203
134 206 168 206
129 202 168 204
123 197 169 206
119 192 170 206
114 188 170 213
110 184 171 213
105 180 171 213
100 176 172 214
96 172 172 214
93 169 173 214
91 167 173 219
90 166 173 214
91 167 173 214
92 167 173 214
94 169 173 216
99 172 171 214
103 176 172 213
109 181 171 214
116 188 171 209
122 194 170 208
132 202 168 208
143 207 167 206
151 212 164 203
160 216 163 201
166 220 161 201
170 223 160 201
173 226 158 201
176 228 158 201
177 229 157 201
177 230 157 201
177 230 157 201
177 229 157 201
177 228 158 201
175 227 158 201
173 225 159 202
171 222 160 203
170 220 161 204
169 217 163 205
167 215 165 205
166 213 166 207
165 211 168 209
165 208 170 211
164 207 172 214
161 205 173 218
158 204 174 221
157 203 176 222
155 203 176 222
155 202 176 224
155 201 176 225
155 201 177 224
156 201 177 224
158 201 176 222
159 202 175 221
162 203 173 220
167 205 172 218
170 206 171 218
172 207 169 209
175 207 167 207
176 208 164 204
177 209 162 201
176 209 160 200
176 208 158 200
175 208 156 198
175 207 155 198
175 207 154 196
174 206 152 193
174 205 151 191
174 205 150 188
173 204 148 185
173 204 148 184
173 204 146 184
173 205 146 183
173 207 145 183
173 207 145 183
173 206 145 183
173 203 145 182
173 203 145 182
173 203 145 182
173 203 145 182
173 203 145 181
173 203 145 182
173 203 145 182
173 203 145 182
173 203 145 182
173 203 145 182
173 203 145 182
173 203 145 181
173 203 145 181
173 203 145 181
173 203 145 181
173 206 145 182
173 207 145 182
174 207 146 182
173 204 147 182
173 204 147 183
174 204 148 184
174 204 149 187
174 204 149 188
174 204 150 188
174 205 150 189
174 205 151 188
175 205 151 188
174 205 152 189
174 205 152 189
174 206 153 190
174 206 153 190
174 206 153 190
175 206 153 190
175 206 153 190
175 206 153 190
175 205 153 190
174 207 154 192
174 209 154 195
175 206 155 197
175 207 155 197
175 207 156 197
175 207 157 197
175 207 158 197
176 208 158 197
176 208 159 198
176 208 160 199
176 208 160 199
176 208 160 200
176 208 160 200
176 208 161 200
177 208 161 201
177 208 161 201
177 208 161 201
177 208 161 200
177 208 161 200
177 208 161 201
177 208 161 201
177 208 161 201
177 208 161 201
177 208 161 201
177 208 161 201
177 208 162 202
177 208 163 203
177 208 163 204
177 209 164 205
177 209 165 205
177 210 166 206
177 210 167 206
177 210 167 207
180 210 169 207
180 210 168 208
180 211 168 208
180 211 168 208
181 211 168 208
181 212 168 208
182 213 168 208
183 214 168 208
183 215 168 208
184 216 169 209
184 217 169 209
185 218 170 210
187 218 171 211
187 218 172 212
187 219 173 213
187 219 173 214
187 219 174 215
188 219 174 216
187 220 174 217
188 220 175 218
188 220 175 218
189 220 175 219
189 220 175 219
189 221 176 219
189 221 176 219
190 221 176 219
190 221 176 219
190 221 176 220
190 221 176 221
190 221 176 222
190 222 178 223
190 222 182 225
190 222 183 227
190 223 184 226
190 223 186 227
190 224 187 229
190 224 187 230
191 224 187 234
191 225 187 234
191 225 187 235
191 225 187 236
191 225 187 236
192 226 188 236
192 226 188 238
193 227 188 238
194 228 188 239
195 228 188 239
195 229 189 239
195 230 189 240
195 230 190 240
195 230 191 241
195 230 193 241
195 230 203 241
195 230 202 241
196 231 203 243
196 231 203 243
196 232 203 244
197 233 203 245
197 234 203 245
198 234 203 245
199 235 204 245
199 235 204 245
199 236 204 245
200 236 204 245
201 236 204 245
201 236 204 245
202 237 204 250
202 237 205 250
202 238 206 253
202 239 206 256
202 239 206 260
201 240 208 261
202 240 209 264
203 241 210 267
202 242 211 267
202 242 212 267
203 242 213 271
203 243 214 271
204 243 215 271
206 244 215 271
206 244 215 272
207 245 216 272
207 245 216 272
207 246 216 272
208 245 217 272
208 247 218 272
208 247 218 272
208 246 219 272
208 246 219 272
208 247 220 275
209 248 221 277
209 248 222 279
210 249 223 280
210 250 223 286
210 250 224 286
209 250 224 285
209 251 225 286
209 251 225 289
209 251 226 288
209 252 226 288
210 252 226 289
210 253 226 288
211 253 226 291
211 253 226 290
212 253 226 288
213 254 227 289
216 255 227 292
217 256 229 296
216 257 232 299
217 258 235 302
218 259 237 303
218 260 240 306
219 261 242 309
218 262 243 310
218 264 245 314
219 265 247 315
219 266 247 317
220 266 248 321
222 266 249 320
223 268 252 321
224 269 253 322
224 269 253 326
223 270 255 328
224 270 255 329
224 271 261 327
224 271 259 332
225 271 260 333
225 272 262 334
227 274 265 341
227 275 267 344
227 276 273 347
226 276 274 352
227 277 275 355
227 278 276 356
228 279 278 361
230 280 279 363
231 281 280 364
230 283 281 370
231 284 282 370
231 284 284 373
231 284 285 377
231 284 289 377
231 285 288 378
231 284 289 381
232 285 290 384
233 285 292 388
233 286 297 391
232 287 300 397
232 287 307 402
232 288 309 410
232 289 313 412
232 290 318 419
232 291 321 425
232 291 325 431
232 293 327 433
232 293 330 443
233 292 325 450
233 294 338 453
232 295 340 454
233 295 343 455
233 295 349 459
233 296 351 462
234 297 352 465
234 296 354 470
234 299 357 474
234 299 361 479
233 301 364 479
234 302 371 479
234 299 377 479
234 303 384 479
234 305 392 479
234 305 398 479
235 306 403 479
236 307 409 479
237 309 415 479
233 310 419 479
238 311 422 479
233 311 425 479
239 310 431 479
239 308 433 479
239 309 435 479
239 309 437 479
240 309 438 479
240 310 440 479
241 310 440 479
241 311 441 479
242 311 441 479
242 312 441 479
243 312 441 479
243 313 441 479
243 313 441 479
243 313 441 479
244 314 441 479
244 314 441 479
244 314 441 479
244 314 441 479
244 314 441 479
244 314 441 479
245 314 441 479
245 314 441 479
245 315 441 479
245 315 441 479
246 315 441 479
246 315 441 479
246 315 437 479
246 315 436 479
242 317 430 479
242 319 425 479
247 319 419 479
243 319 413 479
248 318 410 479
245 317 404 479
246 317 400 479
246 318 396 479
247 317 392 479
247 318 389 479
247 318 388 479
247 317 386 479
248 317 384 479
248 318 383 479
249 318 382 479
249 318 382 479
249 319 381 479
250 319 383 479
251 320 384 479
252 321 379 479
252 317 378 479
252 321 377 479
253 321 376 479
253 320 375 479
253 320 375 479
253 321 374 479
253 322 374 479
253 322 374 479
253 322 374 479
253 322 374 479
253 321 374 479
253 321 374 479
253 321 374 479
253 321 374 479
253 321 374 479
253 321 374 479
254 322 374 479
254 322 372 479
254 322 371 479
255 322 368 479
255 322 365 479
256 322 362 479
256 322 360 479
257 323 358 476
258 323 355 474
258 322 354 472
258 323 352 475
259 322 352 470
259 322 349 465
259 320 345 460
260 321 341 455
261 321 336 448
262 321 332 435
261 322 327 425
262 321 324 422
263 321 320 419
263 321 317 418
264 321 314 417
264 321 311 411
264 321 309 409
265 321 307 408
265 321 305 404
266 321 304 400
266 321 302 397
266 321 301 397
267 321 300 397
267 322 299 397
267 322 297 394
267 322 294 390
269 321 292 383
268 321 288 377
268 320 287 371
270 320 279 364
269 319 276 357
269 318 273 352
270 318 270 344
271 319 262 342
270 318 258 336
271 316 256 327
269 316 250 326
270 315 248 318
269 315 246 314
270 314 244 310
270 313 240 306
271 314 237 304
272 314 236 301
272 314 232 299
272 315 230 297
273 314 228 289
273 314 224 284
273 314 221 281
274 313 218 275
274 313 216 272
274 313 212 268
274 313 209 266
274 312 207 260
274 312 205 256
274 312 204 254
274 311 202 251
275 311 200 248
275 310 197 245
275 311 194 243
275 311 192 241
275 311 190 240
275 311 189 240
275 310 188 234
275 310 187 238
275 310 185 233
275 310 184 229
276 309 184 227
275 309 180 225
276 308 178 222
275 309 176 222
275 309 174 218
275 308 174 216
275 308 173 215
275 308 172 212
275 307 170 211
275 307 169 209
275 306 168 208
275 306 167 207
274 306 166 205
274 305 165 204
274 305 164 203
274 305 163 202
274 304 163 201
274 306 162 201
273 306 162 200
274 304 162 201
274 304 163 201
274 305 163 202
274 305 164 203
274 305 165 204
274 305 166 205
275 306 167 206
275 306 167 207
275 306 168 208
275 306 171 209
275 307 169 209
275 307 169 210
275 307 169 210
275 307 171 210
275 308 171 211
275 307 172 211
276 307 173 211
276 308 172 212
276 308 173 213
276 308 174 214
276 308 174 216
276 309 175 217
276 309 176 219
276 309 177 221
276 309 178 222
276 309 179 222
276 310 180 223
277 310 182 223
277 310 183 224
277 310 184 225
277 310 184 226
277 310 184 226
277 310 185 226
277 310 183 227
278 310 183 227
278 310 184 227
277 310 186 229
277 311 187 230
277 312 187 231
277 312 188 233
277 312 188 238
277 313 189 238
278 313 190 239
278 313 192 241
278 313 193 242
278 313 194 243
278 313 196 244
278 313 197 245
278 314 197 245
278 314 198 246
278 314 199 247
278 314 199 248
278 314 200 249
279 315 200 249
279 314 201 250
278 313 202 251
279 315 203 253
279 316 205 255
279 316 206 259
278 318 209 266
279 317 216 270
279 317 218 271
279 318 220 275
280 319 221 278
280 320 222 280
279 320 224 285
279 320 226 290
279 321 228 293
280 321 231 297
279 322 232 299
280 321 235 303
280 322 237 304
279 322 238 305
278 321 240 308
278 322 245 311
278 325 245 314
279 323 247 320
280 324 250 326
280 325 255 332
279 326 262 338
280 326 264 342
279 327 270 347
278 328 273 352
277 328 275 361
278 329 283 369
278 330 285 376
277 330 287 383
277 331 290 389
277 334 294 395
276 332 297 398
276 333 302 402
276 332 306 406
276 332 310 413
275 332 315 418
274 333 320 423
275 333 327 435
273 333 336 451
272 335 347 469
272 337 355 479
270 339 364 479
270 340 374 479
268 340 384 479
268 341 395 479
268 340 406 479
266 341 433 479
266 341 433 479
267 337 438 479
267 337 449 479
268 335 462 479
278 331 468 479
-1 -1 -1 -1
-1 -1 -1 -1
-1 -1 -1 -1
-1 -1 -1 -1
-1 -1 -1 -1
-1 -1 -1 -1
-1 -1 -1 -1
-1 -1 -1 -1
-1 -1 -1 -1
-1 -1 -1 -1
-1 -1 -1 -1
-1 -1 -1 -1
-1 -1 -1 -1
-1 -1 -1 -1
-1 -1 -1 -1
-1 -1 -1 -1
-1 -1 -1 -1
-1 -1 -1 -1
-1 -1 -1 -1
-1 -1 -1 -1
-1 -1 -1 -1
-1 -1 -1 -1
-1 -1 -1 -1
-1 -1 -1 -1
-1 -1 -1 -1
-1 -1 -1 -1
-1 -1 -1 -1
-1 -1 -1 -1
-1 -1 -1 -1
-1 -1 -1 -1
-1 -1 -1 -1
-1 -1 -1 -1
-1 -1 -1 -1
-1 -1 -1 -1
-1 -1 -1 -1
-1 -1 -1 -1
-1 -1 -1 -1
-1 -1 -1 -1
-1 -1 -1 -1
-1 -1 -1 -1
-1 -1 -1 -1
267 334 476 479
267 334 470 479
267 334 465 479
267 334 460 479
267 337 455 479
267 339 450 479
267 339 442 479
267 339 435 479
267 339 427 479
267 339 419 479
267 340 411 479
267 340 402 479
267 340 396 479
267 341 387 479
268 341 381 479
269 341 377 479
269 341 372 479
269 341 368 479
270 338 364 479
270 337 360 479
270 338 357 479
271 337 354 473
272 337 351 470
272 336 349 465
272 337 345 460
272 335 339 453
273 336 334 449
274 336 328 442
273 336 322 431
274 335 318 424
275 334 313 417
275 333 309 412
275 333 305 407
276 333 301 403
276 333 298 397
276 333 295 394
276 334 292 389
277 333 290 384
277 334 288 385
277 334 287 379
277 334 286 377
277 333 284 375
277 333 283 371
277 332 280 368
277 331 278 367
277 330 276 362
277 330 274 355
277 328 272 350
277 327 267 343
277 327 264 338
276 326 258 335
277 326 252 328
277 325 248 320
277 323 245 314
277 323 241 311
277 321 237 308
277 320 234 305
277 320 231 300
276 319 228 294
275 321 225 290
276 319 222 285
276 319 220 283
276 319 217 280
276 317 215 276
276 316 214 276
275 317 211 271
275 315 209 270
274 315 207 265
274 315 205 262
274 314 203 261
274 312 201 257
274 312 198 251
272 311 195 246
274 311 193 246
274 310 191 242
273 310 189 242
273 309 187 241
272 308 185 240
272 308 184 237
272 308 183 233
272 307 181 230
272 306 180 225
272 306 178 225
272 306 177 224
271 305 176 224
271 305 175 222
271 305 174 222
271 305 173 223
270 304 172 217
270 304 170 215
269 303 168 212
268 302 167 208
268 301 165 206
268 301 163 204
267 300 162 203
266 299 161 202
266 298 159 202
266 298 158 200
265 297 157 200
265 297 156 198
265 296 155 197
264 296 154 197
264 295 153 195
264 295 152 188
264 294 151 188
263 294 151 188
263 294 150 187
263 293 149 187
263 293 148 187
262 292 147 187
262 292 146 186
261 291 144 184
261 291 143 184
261 290 143 179
261 290 141 175
260 289 140 174
260 289 139 173
260 288 139 173
259 288 138 172
259 287 137 173
259 287 137 172
258 287 136 172
258 287 136 171
258 286 135 171
258 286 134 171
258 286 134 171
258 286 133 171
258 287 133 171
258 287 133 164
258 287 133 164
258 287 133 164
258 287 133 164
258 286 134 170
258 286 134 170
258 287 135 170
258 287 136 171
259 287 136 171
259 287 136 171
259 287 136 171
259 287 137 171
259 287 137 171
259 287 137 171
259 287 137 172
259 287 137 172
259 287 137 172
259 287 137 171
259 287 137 171
259 287 137 171
259 288 137 171
259 289 137 171
259 287 137 171
260 289 138 171
260 288 139 171
260 288 139 172
260 289 140 173
261 289 141 174
261 290 142 174
261 290 142 175
261 291 143 176
262 291 144 177
262 291 144 178
262 291 145 178
262 291 145 179
262 292 146 181
262 292 146 181
262 292 147 181
261 295 147 181
261 295 148 181
261 295 149 181
264 295 149 182
262 296 151 184
265 296 151 186
264 295 153 188
265 295 154 191
265 297 156 198
266 297 157 200
266 298 159 200
267 299 160 203
267 299 161 203
267 300 163 204
268 300 163 205
268 300 165 205
268 301 166 208
269 301 167 210
269 302 168 212
269 303 169 212
270 305 170 212
270 304 172 213
270 307 174 215
271 307 176 218
271 307 178 226
271 308 180 228
272 307 183 231
272 308 184 232
273 309 187 239
273 309 188 241
273 310 189 243
274 311 191 244
274 311 192 246
274 311 194 249
275 312 196 247
275 313 198 250
275 314 199 254
276 315 202 253
276 315 203 258
276 316 204 260
276 317 207 264
277 317 209 269
278 322 214 274
278 319 217 280
278 321 222 286
278 323 225 292
279 323 228 299
279 324 234 304
279 326 238 310
280 327 243 315
280 328 246 322
280 329 250 328
280 329 254 333
281 330 259 337
281 331 263 342
281 333 269 350
281 334 271 356
281 335 274 364
281 336 277 370
281 336 281 376
282 336 286 378
283 336 289 384
282 337 294 392
282 339 300 402
283 341 305 416
282 345 314 425
281 346 322 438
282 346 330 450
283 347 340 463
282 351 347 470
281 351 354 479
282 354 364 479
282 354 372 479
283 357 380 479
282 355 388 479
281 356 396 479
282 356 402 479
281 358 412 479
281 359 421 479
284 353 428 479
284 354 433 479
284 354 442 479
285 354 450 479
286 353 457 479
288 352 462 479
290 349 467 479
295 344 473 479
-1 -1 -1 -1
-1 -1 -1 -1
-1 -1 -1 -1
-1 -1 -1 -1
-1 -1 -1 -1
-1 -1 -1 -1
-1 -1 -1 -1
-1 -1 -1 -1
-1 -1 -1 -1
-1 -1 -1 -1
-1 -1 -1 -1
-1 -1 -1 -1
-1 -1 -1 -1
-1 -1 -1 -1
-1 -1 -1 -1
-1 -1 -1 -1
-1 -1 -1 -1
-1 -1 -1 -1
-1 -1 -1 -1
-1 -1 -1 -1
-1 -1 -1 -1
-1 -1 -1 -1
-1 -1 -1 -1
-1 -1 -1 -1