1 -1 -1 -1 -1
2 -1 -1 -1 -1
3 -1 -1 -1 -1
4 -1 -1 -1 -1
5 -1 -1 -1 -1
6 -1 -1 -1 -1
7 -1 -1 -1 -1
8 -1 -1 -1 -1
9 -1 -1 -1 -1
10 -1 -1 -1 -1
11 -1 -1 -1 -1
12 -1 -1 -1 -1
13 -1 -1 -1 -1
14 -1 -1 -1 -1
15 -1 -1 -1 -1
16 -1 -1 -1 -1
17 -1 -1 -1 -1
18 -1 -1 -1 -1
19 -1 -1 -1 -1
20 -1 -1 -1 -1
21 -1 -1 -1 -1
22 -1 -1 -1 -1
23 -1 -1 -1 -1
24 -1 -1 -1 -1
25 -1 -1 -1 -1
26 -1 -1 -1 -1
27 -1 -1 -1 -1
28 -1 -1 -1 -1
29 -1 -1 -1 -1
30 -1 -1 -1 -1
31 -1 -1 -1 -1
32 -1 -1 -1 -1
33 -1 -1 -1 -1
34 -1 -1 -1 -1
35 -1 -1 -1 -1
36 -1 -1 -1 -1
37 -1 -1 -1 -1
38 -1 -1 -1 -1
39 -1 -1 -1 -1
40 -1 -1 -1 -1
41 -1 -1 -1 -1
42 -1 -1 -1 -1
43 -1 -1 -1 -1
44 -1 -1 -1 -1
45 -1 -1 -1 -1
46 -1 -1 -1 -1
47 -1 -1 -1 -1
48 -1 -1 -1 -1
49 -1 -1 -1 -1
50 -1 -1 -1 -1
51 -1 -1 -1 -1
52 -1 -1 -1 -1
53 -1 -1 -1 -1
54 -1 -1 -1 -1
55 -1 -1 -1 -1
56 -1 -1 -1 -1
57 -1 -1 -1 -1
58 -1 -1 -1 -1
59 -1 -1 -1 -1
60 -1 -1 -1 -1
61 -1 -1 -1 -1
62 -1 -1 -1 -1
63 -1 -1 -1 -1
64 -1 -1 -1 -1
65 -1 -1 -1 -1
66 -1 -1 -1 -1
67 -1 -1 -1 -1
68 -1 -1 -1 -1
69 -1 -1 -1 -1
70 -1 -1 -1 -1
71 -1 -1 -1 -1
72 -1 -1 -1 -1
73 -1 -1 -1 -1
74 -1 -1 -1 -1
75 -1 -1 -1 -1
76 -1 -1 -1 -1
77 -1 -1 -1 -1
78 -1 -1 -1 -1
79 -1 -1 -1 -1
80 -1 -1 -1 -1
81 -1 -1 -1 -1
82 -1 -1 -1 -1
83 -1 -1 -1 -1
84 -1 -1 -1 -1
85 183 243 423 466
86 184 244 367 459
87 185 245 365 456
88 185 245 361 452
89 185 246 354 449
90 186 248 350 446
91 186 249 348 443
92 187 248 383 440
93 187 251 346 438
94 188 248 379 437
95 188 248 378 435
96 188 248 378 432
97 188 248 376 432
98 188 248 374 431
99 189 248 374 428
100 190 247 358 425
101 191 253 333 419
102 192 249 366 414
103 193 253 325 409
104 194 253 321 404
105 196 254 318 398
106 197 254 313 393
107 197 255 308 389
108 198 255 306 386
109 199 255 304 383
110 200 254 301 380
111 200 256 299 375
112 201 256 298 372
113 201 257 296 370
114 202 257 294 368
115 202 257 292 365
116 202 257 290 363
117 202 257 289 360
118 202 256 288 359
119 201 255 287 358
120 200 254 286 356
121 199 252 285 355
122 198 251 283 353
123 198 250 280 350
124 198 250 277 346
125 198 250 274 343
126 199 249 272 339
127 199 249 269 336
128 199 249 267 334
129 198 248 265 331
130 197 247 263 328
131 197 247 261 326
132 197 247 260 324
133 197 246 258 321
134 197 246 257 320
135 197 246 256 318
136 197 246 255 317
137 197 246 254 315
138 197 245 253 314
139 197 245 253 314
140 197 245 253 313
141 197 245 252 312
142 197 245 251 311
143 197 245 251 312
144 197 245 251 312
145 197 245 251 311
146 198 245 250 309
147 199 245 247 307
148 199 245 245 304
149 200 246 243 301
150 200 246 240 299
151 201 246 238 295
152 201 247 236 292
153 202 247 235 291
154 202 247 233 288
155 203 247 231 286
156 203 247 230 284
157 203 247 228 282
158 204 247 227 280
159 204 247 226 279
160 204 248 225 277
161 205 248 224 276
162 205 248 223 274
163 205 248 222 273
164 205 248 221 273
165 205 247 221 272
166 204 247 220 271
167 203 246 220 271
168 203 245 219 270
169 202 244 218 270
170 201 244 216 268
171 201 244 214 266
172 201 243 212 263
173 202 243 210 261
174 202 243 208 258
175 202 242 207 256
176 202 242 206 254
177 202 242 205 251
178 202 242 203 250
179 202 242 202 249
180 202 242 201 247
181 202 242 200 247
182 203 242 199 246
183 203 242 198 245
184 203 242 197 244
185 203 242 197 243
186 203 242 196 243
187 203 241 196 242
188 203 241 196 242
189 202 241 195 241
190 203 241 194 241
191 203 241 193 240
192 203 242 191 238
193 204 242 190 236
194 205 242 188 233
195 205 242 186 230
196 206 243 184 228
197 206 243 183 226
198 206 243 181 224
199 207 243 180 224
200 207 243 179 223
201 207 243 177 218
202 207 243 176 217
203 208 243 176 216
204 208 243 174 215
205 208 243 173 214
206 208 243 172 214
207 208 243 172 214
208 208 243 171 213
209 208 242 170 213
210 208 242 170 209
211 207 242 169 209
212 207 242 168 208
213 207 242 167 207
214 207 242 166 205
215 208 242 165 203
216 208 242 163 201
217 208 241 161 198
218 208 241 160 197
219 208 241 159 195
220 208 240 157 192
221 207 240 156 191
222 207 240 155 191
223 207 239 154 188
224 207 239 152 190
225 207 239 151 186
226 207 238 150 184
227 206 238 150 183
228 206 237 149 182
229 206 237 148 181
230 206 237 148 180
231 206 237 147 180
232 206 236 146 178
233 205 236 146 178
234 204 234 145 177
235 203 233 145 177
236 202 232 144 176
237 201 231 144 176
238 200 231 144 176
239 200 230 143 176
240 200 230 142 175
241 200 230 141 173
242 201 231 140 174
243 201 231 139 172
244 202 231 139 170
245 202 231 138 169
246 202 232 137 168
247 203 232 137 167
248 203 232 136 166
249 203 232 136 166
250 203 232 135 165
251 203 232 135 165
252 202 231 134 164
253 202 231 134 164
254 201 230 134 163
255 200 229 133 163
256 200 228 133 163
257 199 227 133 162
258 198 226 132 162
259 197 226 132 162
260 196 225 132 162
261 195 224 132 162
262 195 224 132 162
263 195 224 132 162
264 195 223 132 162
265 194 223 132 162
266 194 223 132 162
267 194 223 132 162
268 193 222 132 162
269 193 222 132 162
270 193 221 132 162
271 192 221 132 163
272 191 220 133 163
273 190 219 134 164
274 189 218 135 164
275 188 217 135 164
276 187 216 135 165
277 187 216 136 166
278 186 215 136 167
279 185 215 137 167
280 185 214 137 167
281 184 214 137 168
282 184 213 137 168
283 184 213 137 168
284 184 213 137 168
285 183 213 138 168
286 183 213 137 168
287 183 212 137 168
288 182 212 137 168
289 182 212 137 168
290 182 211 137 168
291 181 211 137 168
292 181 210 137 168
293 180 210 137 168
294 180 210 137 168
295 180 209 137 168
296 179 209 137 168
297 179 209 137 168
298 179 208 137 168
299 178 208 137 168
300 178 207 137 168
301 178 207 138 168
302 177 206 138 168
303 177 206 139 169
304 176 205 140 170
305 175 205 141 172
306 175 204 142 173
307 174 204 143 174
308 173 203 144 175
309 173 203 144 175
310 172 202 145 176
311 171 202 146 177
312 170 201 146 178
313 169 200 147 179
314 168 199 147 179
315 167 198 147 180
316 166 197 148 180
317 165 196 148 180
318 164 195 148 181
319 163 194 148 181
320 162 194 148 181
321 162 194 148 181
322 162 193 148 181
323 161 193 148 181
324 161 193 148 181
325 160 192 149 181
326 160 192 149 181
327 159 191 150 183
328 158 191 151 184
329 157 190 152 185
330 157 190 152 186
331 156 189 153 187
332 155 189 154 188
333 155 188 154 188
334 154 187 155 189
335 154 187 155 189
336 153 186 156 190
337 153 186 156 190
338 152 185 156 190
339 151 185 156 190
340 151 184 156 190
341 151 184 156 190
342 150 183 157 191
343 150 183 157 191
344 149 182 158 192
345 149 182 158 193
346 148 181 159 193
347 147 180 160 194
348 147 180 160 194
349 146 179 160 195
350 145 178 161 195
351 145 178 161 196
352 145 178 161 196
353 144 177 161 196
354 144 177 161 196
355 144 177 161 196
356 144 177 161 196
357 143 177 161 196
358 143 177 161 196
359 143 176 162 196
360 143 176 162 197
361 142 176 163 197
362 142 176 164 197
363 141 176 165 199
364 141 175 165 200
365 141 175 165 201
366 141 175 166 201
367 140 174 166 202
368 140 174 166 202
369 140 174 166 202
370 140 174 166 202
371 140 174 166 202
372 140 174 166 202
373 140 174 166 202
374 140 174 166 202
375 140 174 167 203
376 140 174 168 203
377 139 173 169 205
378 138 173 170 206
379 138 172 172 208
380 137 172 173 210
381 136 171 175 213
382 135 170 177 216
383 134 170 178 217
384 133 170 179 219
385 132 169 181 221
386 132 168 182 230
387 131 168 184 229
388 130 167 187 229
389 130 167 188 233
390 129 166 188 233
391 128 166 188 233
392 128 165 189 232
393 127 165 191 234
394 126 164 191 235
395 124 163 191 235
396 123 162 192 236
397 122 161 192 236
398 121 160 192 236
399 120 159 193 236
400 119 158 194 239
401 118 158 196 241
402 117 157 197 242
403 116 156 199 244
404 115 155 201 246
405 114 155 203 248
406 113 154 204 249
407 112 153 205 251
408 112 153 206 253
409 111 153 207 254
410 110 152 208 255
411 110 152 209 256
412 109 151 210 258
413 109 151 210 260
414 109 150 211 260
415 108 150 211 264
416 107 150 212 264
417 106 149 213 267
418 105 148 215 269
419 104 148 217 269
420 103 147 220 271
421 101 146 223 275
422 100 145 225 279
423 99 145 227 281
424 98 144 229 288
425 96 143 231 294
426 95 142 233 296
427 94 142 235 297
428 93 141 237 298
429 92 141 239 298
430 92 140 240 301
431 91 140 241 303
432 90 140 242 303
433 90 139 244 304
434 89 139 245 304
435 89 138 246 305
436 89 138 247 305
437 88 138 247 308
438 88 137 248 308
439 87 137 249 310
440 86 137 270 314
441 85 137 270 319
442 84 136 256 326
443 82 136 258 330
444 82 135 260 330
445 81 134 262 335
446 81 134 263 335
447 80 134 265 340
448 79 134 267 343
449 78 134 270 343
450 78 133 271 344
451 78 133 272 343
452 77 133 273 346
453 77 132 274 346
454 77 132 275 347
455 77 132 276 348
456 76 132 276 348
457 75 132 277 349
458 74 132 278 354
459 74 131 302 358
460 73 131 284 358
461 72 130 287 364
462 70 130 289 378
463 69 129 293 381
464 68 129 296 383
465 67 129 302 394
466 66 128 304 393
467 65 128 306 397
468 64 127 308 398
469 63 127 310 410
470 63 127 312 410
471 62 126 315 413
472 61 126 318 418
473 61 126 319 418
474 60 126 320 418
475 59 125 321 421
476 57 125 324 423
477 54 124 329 426
478 52 124 333 433
479 51 122 339 444
480 48 122 345 458
481 47 122 350 471
482 46 120 354 476
483 44 120 357 479
484 43 119 364 479
485 40 118 367 479
486 39 118 371 479
487 38 118 374 479
488 37 118 377 479
489 36 118 380 479
490 35 117 383 479
491 35 115 385 479
492 34 115 387 479
493 33 115 389 479
494 32 114 390 479
495 32 114 392 479
496 32 113 393 479
497 32 113 394 479
498 32 113 394 479
499 32 113 394 479
500 32 113 392 479
501 33 114 390 479
502 35 115 387 479
503 36 116 383 479
504 38 117 379 479
505 39 117 376 479
506 38 117 372 479
507 39 118 369 479
508 41 118 367 479
509 42 118 365 479
510 43 118 362 479
511 44 119 360 479
512 44 119 358 479
513 45 119 357 479
514 45 119 356 479
515 45 120 355 479
516 45 120 355 479
517 45 120 355 476
518 45 120 354 479
519 46 120 352 474
520 47 121 351 466
521 49 121 344 453
522 51 122 340 445
523 51 123 336 434
524 53 123 332 428
525 53 124 329 426
526 55 124 326 425
527 57 125 323 423
528 58 125 321 421
529 59 125 320 418
530 60 126 317 416
531 61 126 315 413
532 62 126 313 411
533 62 127 312 410
534 63 127 311 399
535 63 127 310 399
536 63 127 309 398
537 64 129 306 397
538 65 130 302 395
539 66 130 298 391
540 68 131 294 386
541 68 131 291 382
542 70 132 288 377
543 72 133 286 374
544 73 134 284 362
545 74 134 281 360
546 74 134 279 359
547 75 134 277 353
548 77 135 276 348
549 78 135 273 348
550 78 136 272 347
551 79 136 270 347
552 79 136 269 347
553 80 137 268 346
554 81 137 266 343
555 82 138 263 341
556 82 138 261 338
557 84 139 259 335
558 85 140 257 333
559 83 140 255 332
560 86 140 253 330
561 88 141 251 315
562 88 141 250 314
563 89 142 248 313
564 90 142 247 311
565 90 143 246 310
566 90 143 245 310
567 91 143 244 309
568 91 143 243 309
569 92 143 242 305
570 92 143 241 305
571 92 144 239 304
572 94 145 236 302
573 96 145 233 298
574 97 146 231 295
575 98 147 228 296
576 98 147 226 294
577 100 148 224 287
578 101 149 222 282
579 101 149 220 278
580 102 150 219 278
581 103 150 217 273
582 104 150 216 273
583 105 151 215 272
584 105 150 213 271
585 106 151 212 271
586 106 151 211 271
587 107 151 209 268
588 108 152 208 263
589 109 153 205 259
590 110 154 202 255
591 111 154 200 253
592 112 155 198 248
593 114 156 195 250
594 115 156 193 242
595 116 157 192 240
596 116 157 190 238
597 117 158 189 238
598 118 159 187 237
599 119 159 185 236
600 119 159 184 236
601 120 160 183 236
602 121 160 182 234
603 121 161 181 235
604 122 161 180 226
605 122 161 179 232
606 123 162 178 231
607 124 162 176 222
608 124 163 174 225
609 126 163 173 224
610 127 164 171 217
611 127 165 169 212
612 129 166 167 209
613 129 166 166 209
614 131 167 164 209
615 131 167 163 206
616 132 168 161 206
617 133 169 160 206
618 134 169 159 206
619 134 170 158 202
620 135 170 157 194
621 135 170 156 194
622 136 171 155 193
623 137 172 154 193
624 137 172 152 193
625 138 172 152 193
626 138 172 152 192
627 139 173 150 192
628 140 174 149 189
629 141 174 148 191
630 142 175 146 182
631 143 175 145 180
632 144 176 144 179
633 144 177 142 182
634 145 177 141 182
635 146 178 140 178
636 146 178 139 182
637 147 178 138 180
638 148 179 137 180
639 148 179 137 180
640 149 180 136 172
641 149 180 135 170
642 150 180 135 175
643 150 181 134 170
644 150 181 133 168
645 150 181 133 170
646 151 181 133 170
647 151 181 132 168
648 151 182 132 168
649 152 181 132 168
650 152 182 131 164
651 152 182 131 169
652 153 183 130 163
653 153 183 129 167
654 154 183 128 167
655 154 184 128 161
656 153 184 127 161
657 155 184 126 161
658 156 185 126 160
659 156 185 125 160
660 156 185 125 157
661 157 185 124 157
662 157 186 124 157
663 157 186 123 157
664 158 186 123 155
665 158 186 123 156
666 158 186 122 157
667 158 186 122 157
668 158 186 122 157
669 158 187 122 156
670 158 187 122 156
671 158 187 122 156
672 158 187 122 156
673 158 187 122 156
674 158 187 122 156
675 158 186 122 157
676 158 186 123 156
677 157 185 123 157
678 156 185 124 157
679 156 183 125 159
680 156 182 126 159
681 155 181 127 159
682 155 181 127 159
683 155 181 128 163
684 155 181 129 163
685 155 181 130 163
686 155 181 130 164
687 155 181 131 164
688 155 181 132 163
689 154 181 132 163
690 154 181 132 165
691 154 181 133 165
692 154 181 133 166
693 154 181 134 167
694 154 181 134 167
695 154 181 134 166
696 154 181 135 168
697 154 182 136 168
698 154 182 137 168
699 154 182 138 168
700 154 183 138 169
701 154 183 139 171
702 154 183 140 171
703 154 184 140 173
704 154 184 141 173
705 154 184 141 173
706 154 185 142 173
707 155 185 142 181
708 155 185 142 181
709 155 185 142 181
710 155 185 143 181
711 155 185 143 181
712 155 185 143 181
713 155 186 144 182
714 155 186 144 184
715 154 187 145 184
716 154 188 146 184
717 153 189 148 186
718 153 190 149 186
719 153 191 150 197
720 153 192 151 186
721 154 194 151 186
722 154 194 152 195
723 155 196 153 197
724 156 197 154 197
725 156 198 155 195
726 157 199 155 199
727 158 199 154 200
728 158 200 156 200
729 159 200 157 197
730 160 201 158 197
731 161 203 159 199
732 162 205 160 201
733 162 206 161 202
734 162 209 163 212
735 163 212 165 206
736 164 215 167 207
737 166 219 168 213
738 169 223 170 212
739 170 226 171 214
740 174 229 173 215
741 175 231 173 216
742 177 233 175 223
743 178 234 176 223
744 177 234 176 220
745 176 232 175 217
746 174 231 174 217
747 172 230 174 224
748 169 227 173 216
749 167 225 172 216
750 165 223 171 216
751 163 223 171 224
752 161 220 170 212
753 160 218 170 215
754 159 217 169 214
755 158 217 169 225
756 157 215 168 212
757 156 214 168 214
758 155 216 168 217
759 152 211 167 207
760 150 208 166 205
761 145 205 165 203
762 140 201 164 202
763 134 196 163 202
764 128 192 161 200
765 122 185 160 199
766 116 179 158 198
767 111 173 157 197
768 105 168 156 197
769 101 164 155 195
770 96 159 153 196
771 92 155 153 197
772 89 151 152 196
773 85 148 151 195
774 82 144 150 195
775 80 142 150 191
776 77 140 149 192
777 77 139 148 193
778 77 139 148 193
779 77 139 148 193
780 78 141 150 193
781 79 142 150 192
782 81 144 150 187
783 82 145 150 189
784 84 146 151 195
785 84 147 151 197
786 84 148 151 195
787 85 148 151 195
788 85 148 151 195
789 85 148 151 195
790 85 149 151 192
791 86 150 152 195
792 88 152 152 187
793 89 154 152 195
794 93 158 153 197
795 96 162 154 198
796 100 167 155 192
797 104 172 156 192
798 109 179 157 197
799 114 184 158 198
800 118 190 159 198
801 123 196 159 202
802 128 201 160 198
803 133 205 161 202
804 136 209 161 202
805 140 213 161 202
806 144 215 162 199
807 146 218 162 200
808 150 221 162 200
809 152 223 163 200
810 155 225 163 200
811 157 228 163 200
812 159 229 163 200
813 161 231 163 201
814 163 233 164 200
815 167 236 164 202
816 170 239 165 202
817 173 243 165 213
818 176 248 166 214
819 179 252 166 214
820 182 255 167 213
821 184 257 167 213
822 186 258 167 213
823 185 258 167 204
824 184 257 167 214
825 184 257 167 213
826 183 256 167 214
827 183 255 167 214
828 183 255 167 211
829 182 255 167 214
830 182 255 167 214
831 182 255 167 214
832 182 255 167 214
833 181 253 167 212
834 178 251 166 213
835 176 248 166 213
836 171 244 166 203
837 167 239 167 206
838 156 232 166 206
839 148 223 168 202
840 141 216 170 200
841 133 209 170 200
842 125 202 167 203
843 119 196 170 201
844 112 190 166 201
845 105 182 166 210
846 98 176 166 201
847 92 168 165 201
848 88 162 166 203
849 82 158 165 200
850 78 155 166 201
851 72 151 165 200
852 68 146 165 201
853 66 143 164 201
854 65 142 164 201
855 65 143 164 201
856 67 144 164 201
857 69 148 165 201
858 74 151 165 201
859 79 156 166 201
860 84 161 166 201
861 92 167 165 201
862 100 177 166 201
863 109 187 166 201
864 119 197 165 201
865 127 205 167 202
866 138 213 166 199
867 145 220 164 200
868 153 227 163 200
869 163 233 162 198
870 169 238 162 202
871 173 241 161 203
872 175 244 161 202
873 176 244 160 203
874 176 244 160 203
875 174 243 161 203
876 170 240 161 202
877 168 236 162 201
878 163 232 163 200
879 155 228 163 200
880 149 222 164 202
881 144 216 166 203
882 140 212 167 203
883 134 206 168 206
884 129 202 168 204
885 123 197 169 206
886 119 192 170 206
887 114 188 170 213
888 110 184 171 214
889 105 180 171 213
890 100 176 172 214
891 96 172 172 214
892 93 169 173 214
893 91 167 173 219
894 90 166 173 214
895 91 167 173 214
896 92 167 173 214
897 94 169 173 219
898 99 172 172 213
899 103 176 172 213
900 109 181 171 214
901 116 188 171 209
902 122 194 170 208
903 132 202 168 208
904 143 207 167 206
905 151 212 164 203
906 160 216 163 200
907 166 220 161 216
908 170 223 160 219
909 173 226 158 211
910 176 228 158 219
911 177 229 157 218
912 177 230 157 218
913 177 230 157 218
914 177 229 157 217
915 177 228 158 217
916 175 227 158 219
917 173 225 159 219
918 171 222 160 219
919 170 220 161 222
920 169 217 163 201
921 167 215 165 205
922 166 213 166 207
923 165 211 168 209
924 165 208 170 211
925 164 207 172 214
926 161 205 173 217
927 158 204 174 224
928 157 203 176 224
929 155 203 176 224
930 155 202 179 226
931 155 201 179 225
932 155 201 179 224
933 156 201 179 224
934 158 201 176 222
935 161 202 175 224
936 163 203 173 220
937 167 205 172 218
938 170 206 171 218
939 172 207 169 209
940 175 207 167 207
941 176 208 164 204
942 177 209 162 201
943 176 209 160 200
944 176 208 158 200
945 175 208 156 198
946 175 207 155 198
947 175 207 154 196
948 174 206 152 193
949 174 205 151 191
950 174 205 150 188
951 173 204 148 185
952 173 204 148 184
953 173 204 146 184
954 173 205 146 244
955 173 205 145 180
956 173 205 145 180
957 173 205 145 180
958 173 203 145 182
959 173 203 145 182
960 173 203 145 182
961 173 203 145 182
962 173 203 145 181
963 173 203 145 182
964 173 203 145 182
965 173 203 145 182
966 173 203 145 182
967 173 203 145 182
968 173 203 145 182
969 173 203 145 181
970 173 203 145 181
971 173 203 145 181
972 173 203 145 181
973 173 206 145 246
974 173 204 145 182
975 174 205 146 181
976 173 204 147 244
977 173 204 147 183
978 174 204 148 184
979 174 204 149 187
980 174 204 149 188
981 174 204 150 188
982 174 205 150 189
983 174 205 151 188
984 175 205 151 188
985 174 205 152 189
986 174 205 152 189
987 174 206 153 190
988 174 206 153 190
989 174 206 153 190
990 175 206 153 190
991 175 206 153 190
992 175 206 153 190
993 175 205 153 190
994 174 207 171 252
995 174 209 172 258
996 175 206 155 191
997 175 207 155 197
998 175 207 156 197
999 175 207 157 197
1000 175 207 158 197
1001 176 208 158 197
1002 176 208 159 198
1003 176 208 160 199
1004 176 208 160 199
1005 176 208 160 200
1006 176 208 160 200
1007 176 208 161 200
1008 177 208 161 201
1009 177 208 161 201
1010 177 208 161 201
1011 177 208 161 200
1012 177 208 161 200
1013 177 208 161 201
1014 177 208 161 201
1015 176 209 182 256
1016 176 211 196 264
1017 176 211 195 271
1018 176 211 195 261
1019 179 208 162 202
1020 179 208 163 203
1021 179 208 163 204
1022 179 209 164 205
1023 179 209 165 205
1024 179 210 166 206
1025 179 210 167 206
1026 179 210 167 207
1027 180 210 169 207
1028 180 210 168 208
1029 180 211 168 208
1030 180 211 168 208
1031 181 211 168 208
1032 181 212 170 208
1033 183 213 168 208
1034 186 214 170 251
1035 184 219 203 268
1036 185 219 203 263
1037 187 217 200 255
1038 187 218 170 210
1039 187 218 171 211
1040 187 218 172 212
1041 187 219 173 213
1042 187 219 173 214
1043 187 219 174 215
1044 188 219 174 216
1045 187 220 174 217
1046 188 220 175 218
1047 188 220 175 218
1048 189 220 175 219
1049 189 220 175 219
1050 189 221 176 219
1051 189 221 176 219
1052 190 221 175 219
1053 188 224 208 274
1054 189 224 209 274
1055 189 225 210 274
1056 189 223 211 274
1057 190 222 178 223
1058 190 222 182 225
1059 190 222 183 227
1060 190 223 184 226
1061 190 223 186 227
1062 190 224 187 229
1063 190 224 187 230
1064 191 224 187 237
1065 191 225 187 237
1066 191 225 187 235
1067 191 225 187 236
1068 191 225 187 236
1069 192 226 188 236
1070 192 226 188 238
1071 193 227 188 269
1072 194 228 189 292
1073 195 228 189 291
1074 195 229 190 293
1075 195 230 189 271
1076 195 230 190 240
1077 195 230 191 241
1078 195 230 193 242
1079 195 230 203 243
1080 195 230 202 245
1081 196 231 203 246
1082 196 231 203 246
1083 196 232 203 247
1084 197 233 203 248
1085 197 234 203 248
1086 198 234 203 248
1087 199 235 204 249
1088 199 235 204 249
1089 199 236 204 250
1090 200 236 204 249
1091 201 236 204 281
1092 201 236 204 312
1093 202 237 204 308
1094 202 237 205 312
1095 202 238 206 257
1096 202 239 206 259
1097 202 239 206 260
1098 201 240 208 261
1099 202 240 209 264
1100 203 241 210 268
1101 202 242 211 270
1102 202 242 212 267
1103 203 242 217 271
1104 203 243 214 271
1105 204 243 218 270
1106 206 244 215 271
1107 206 244 219 272
1108 207 245 219 272
1109 207 245 220 272
1110 207 246 220 272
1111 208 245 219 272
1112 208 245 220 256
1113 208 245 220 256
1114 208 246 221 257
1115 208 246 221 297
1116 208 247 223 275
1117 209 248 221 277
1118 209 248 222 279
1119 210 249 223 280
1120 210 250 223 281
1121 210 250 224 286
1122 209 250 224 285
1123 209 251 225 286
1124 209 251 225 289
1125 209 251 226 288
1126 209 252 226 288
1127 210 252 226 289
1128 210 253 226 288
1129 211 253 226 291
1130 211 253 226 290
1131 212 253 226 283
1132 213 254 227 283
1133 216 255 227 305
1134 217 256 229 317
1135 216 257 232 299
1136 217 258 239 302
1137 218 259 242 303
1138 218 260 243 306
1139 219 261 244 309
1140 218 262 245 310
1141 218 264 246 314
1142 219 265 246 315
1143 219 266 247 317
1144 220 266 248 321
1145 222 266 249 320
1146 223 268 269 325
1147 224 269 270 326
1148 224 269 253 328
1149 223 269 260 282
1150 224 270 260 283
1151 224 271 261 327
1152 224 271 259 332
1153 225 271 260 333
1154 225 272 262 334
1155 227 274 271 341
1156 227 275 272 344
1157 227 276 273 347
1158 226 276 274 352
1159 227 277 275 355
1160 227 278 276 356
1161 228 279 286 361
1162 230 280 286 366
1163 231 281 288 367
1164 230 283 289 370
1165 231 284 289 374
1166 231 284 291 373
1167 231 284 291 377
1168 231 284 289 377
1169 231 285 288 378
1170 231 284 289 381
1171 232 285 290 387
1172 233 285 292 390
1173 233 286 302 395
1174 232 287 300 401
1175 232 287 307 407
1176 232 288 309 414
1177 232 289 313 418
1178 232 290 318 419
1179 232 291 321 425
1180 232 291 325 431
1181 232 293 327 433
1182 232 293 330 443
1183 233 292 343 449
1184 233 294 338 453
1185 232 295 340 454
1186 233 295 343 455
1187 233 295 349 456
1188 233 296 351 478
1189 234 297 352 479
1190 234 296 354 420
1191 234 299 357 426
1192 234 300 361 479
1193 233 301 364 431
1194 234 302 371 479
1195 234 299 377 454
1196 234 303 384 479
1197 234 305 428 479
1198 234 305 428 479
1199 235 306 428 479
1200 236 307 427 479
1201 237 309 428 479
1202 233 310 429 479
1203 238 311 433 479
1204 233 311 434 479
1205 239 310 450 479
1206 239 308 457 479
1207 239 309 437 479
1208 239 300 461 479
1209 240 309 439 479
1210 240 310 440 479
1211 241 310 440 479
1212 241 311 447 479
1213 242 311 447 479
1214 242 312 447 479
1215 243 312 447 479
1216 243 313 447 479
1217 243 313 447 479
1218 243 313 447 479
1219 244 314 447 479
1220 244 314 447 479
1221 244 314 447 479
1222 244 314 447 479
1223 244 314 447 479
1224 244 314 447 479
1225 245 314 447 479
1226 245 314 447 479
1227 245 315 447 479
1228 245 315 447 479
1229 246 315 447 479
1230 246 315 447 479
1231 246 315 439 479
1232 246 315 436 479
1233 242 317 457 479
1234 242 319 433 479
1235 247 319 433 479
1236 243 319 435 479
1237 248 318 434 479
1238 245 317 424 479
1239 246 317 425 479
1240 246 318 396 479
1241 247 317 431 479
1242 247 318 428 479
1243 247 318 428 479
1244 247 317 387 479
1245 248 317 384 453
1246 248 318 383 479
1247 249 318 382 449
1248 249 318 395 449
1249 249 319 395 449
1250 250 319 395 447
1251 251 320 395 449
1252 252 319 379 449
1253 252 317 378 444
1254 252 317 377 443
1255 253 317 376 443
1256 253 317 375 443
1257 253 320 375 444
1258 253 321 374 444
1259 253 318 374 444
1260 253 322 374 444
1261 253 319 374 443
1262 253 318 374 443
1263 253 321 374 443
1264 253 321 374 443
1265 253 321 374 443
1266 253 321 374 443
1267 253 321 374 443
1268 253 321 374 443
1269 254 322 374 443
1270 254 322 372 443
1271 254 322 371 444
1272 255 322 368 442
1273 255 322 365 419
1274 256 322 362 444
1275 256 322 360 431
1276 257 323 358 419
1277 258 323 355 419
1278 258 322 354 419
1279 258 323 352 419
1280 259 322 352 419
1281 259 322 349 419
1282 259 320 345 420
1283 260 321 341 419
1284 261 321 336 419
1285 262 320 332 419
1286 261 322 327 419
1287 262 321 324 419
1288 263 321 320 419
1289 263 321 317 418
1290 264 321 314 417
1291 264 321 311 411
1292 264 321 309 409
1293 265 321 307 408
1294 265 321 305 406
1295 266 321 304 403
1296 266 321 302 400
1297 266 321 301 400
1298 267 321 300 400
1299 267 322 299 399
1300 267 322 297 398
1301 267 322 294 395
1302 269 321 292 386
1303 268 321 288 381
1304 268 320 287 373
1305 270 320 279 367
1306 269 319 276 357
1307 269 318 273 352
1308 270 318 270 344
1309 271 319 262 342
1310 270 318 258 336
1311 271 316 254 327
1312 269 316 250 326
1313 270 315 248 318
1314 269 315 246 314
1315 270 314 244 310
1316 270 313 240 306
1317 271 314 237 304
1318 272 314 236 301
1319 272 314 232 299
1320 272 315 230 297
1321 273 314 228 289
1322 273 314 224 284
1323 273 314 221 281
1324 274 313 218 275
1325 274 313 216 272
1326 274 313 212 268
1327 274 313 209 266
1328 274 312 207 260
1329 274 312 205 256
1330 274 312 204 254
1331 274 311 202 251
1332 275 311 200 248
1333 275 310 197 245
1334 275 311 194 243
1335 275 311 192 241
1336 275 311 190 240
1337 275 311 189 240
1338 275 310 188 234
1339 275 310 187 238
1340 275 310 185 233
1341 275 310 184 229
1342 276 309 184 227
1343 275 309 180 225
1344 276 308 178 222
1345 275 309 176 222
1346 275 309 174 218
1347 275 308 174 216
1348 275 308 173 215
1349 275 308 172 212
1350 275 307 170 211
1351 275 307 169 209
1352 275 306 168 208
1353 275 306 167 207
1354 274 306 166 205
1355 274 305 165 204
1356 274 305 164 203
1357 274 305 163 202
1358 274 304 163 201
1359 274 306 162 201
1360 273 306 162 200
1361 274 304 162 201
1362 274 304 163 201
1363 274 305 163 202
1364 274 305 164 203
1365 274 305 165 204
1366 274 305 166 205
1367 275 306 167 206
1368 275 306 167 207
1369 275 306 168 208
1370 275 306 171 209
1371 275 307 169 209
1372 275 307 169 210
1373 275 307 169 210
1374 275 307 171 210
1375 275 308 171 211
1376 275 307 172 211
1377 276 307 173 211
1378 276 308 172 212
1379 276 308 173 213
1380 276 308 174 214
1381 276 308 174 216
1382 276 309 175 217
1383 276 309 176 219
1384 276 309 177 221
1385 276 309 178 222
1386 276 309 179 222
1387 276 310 180 223
1388 277 310 182 223
1389 277 310 183 224
1390 277 310 184 225
1391 277 310 184 226
1392 277 310 184 226
1393 277 310 185 226
1394 277 310 183 227
1395 278 310 183 227
1396 278 310 184 227
1397 277 310 186 228
1398 277 311 187 229
1399 277 312 187 231
1400 277 312 188 233
1401 277 312 188 238
1402 277 313 189 238
1403 278 313 190 239
1404 278 313 192 241
1405 278 313 193 242
1406 278 313 194 243
1407 278 313 196 244
1408 278 313 197 245
1409 278 314 197 245
1410 278 314 198 246
1411 278 314 199 247
1412 278 314 199 248
1413 278 314 200 249
1414 279 315 200 249
1415 280 315 201 250
1416 280 314 204 250
1417 280 315 205 252
1418 279 316 205 255
1419 279 316 206 259
1420 278 318 209 266
1421 279 317 216 270
1422 279 317 218 271
1423 279 318 220 275
1424 280 319 221 278
1425 280 320 222 280
1426 279 320 224 284
1427 279 320 226 290
1428 279 321 228 293
1429 280 321 231 297
1430 279 322 232 299
1431 280 321 235 303
1432 280 322 237 304
1433 279 322 238 305
1434 278 321 268 368
1435 278 319 319 369
1436 278 319 315 370
1437 279 323 247 345
1438 280 324 250 377
1439 280 325 255 332
1440 279 326 262 338
1441 280 326 264 342
1442 279 327 270 348
1443 278 328 273 356
1444 277 328 275 364
1445 278 329 283 372
1446 278 330 285 379
1447 277 330 287 383
1448 277 331 290 389
1449 277 334 294 398
1450 276 332 297 402
1451 276 333 302 405
1452 276 332 306 409
1453 276 332 310 416
1454 275 332 315 418
1455 274 333 320 423
1456 275 333 327 435
1457 273 333 336 451
1458 272 335 347 477
1459 272 337 355 479
1460 270 339 364 479
1461 270 340 374 479
1462 268 340 384 479
1463 268 341 395 479
1464 268 340 422 479
1465 266 341 424 479
1466 266 293 460 479
1467 267 337 438 479
1468 267 337 458 479
1469 268 335 462 479
1470 278 331 468 479
1471 -1 -1 -1 -1
1472 -1 -1 -1 -1
1473 -1 -1 -1 -1
1474 -1 -1 -1 -1
1475 -1 -1 -1 -1
1476 -1 -1 -1 -1
1477 -1 -1 -1 -1
1478 -1 -1 -1 -1
1479 -1 -1 -1 -1
1480 -1 -1 -1 -1
1481 -1 -1 -1 -1
1482 -1 -1 -1 -1
1483 -1 -1 -1 -1
1484 -1 -1 -1 -1
1485 -1 -1 -1 -1
1486 -1 -1 -1 -1
1487 -1 -1 -1 -1
1488 -1 -1 -1 -1
1489 -1 -1 -1 -1
1490 -1 -1 -1 -1
1491 -1 -1 -1 -1
1492 -1 -1 -1 -1
1493 -1 -1 -1 -1
1494 -1 -1 -1 -1
1495 -1 -1 -1 -1
1496 -1 -1 -1 -1
1497 -1 -1 -1 -1
1498 -1 -1 -1 -1
1499 -1 -1 -1 -1
1500 -1 -1 -1 -1
1501 -1 -1 -1 -1
1502 -1 -1 -1 -1
1503 -1 -1 -1 -1
1504 -1 -1 -1 -1
1505 -1 -1 -1 -1
1506 -1 -1 -1 -1
1507 -1 -1 -1 -1
1508 -1 -1 -1 -1
1509 -1 -1 -1 -1
1510 -1 -1 -1 -1
1511 -1 -1 -1 -1
1512 -1 -1 -1 -1
1513 267 327 468 479
1514 266 329 465 479
1515 265 330 462 479
1516 264 332 460 479
1517 264 334 448 479
1518 265 335 440 479
1519 266 335 434 479
1520 261 341 427 479
1521 262 340 416 479
1522 264 342 408 479
1523 265 341 401 479
1524 266 338 393 479
1525 267 341 387 479
1526 268 341 381 479
1527 269 341 377 479
1528 269 341 372 479
1529 269 341 368 479
1530 270 338 364 479
1531 270 337 360 479
1532 270 338 357 479
1533 271 337 354 479
1534 272 337 351 479
1535 272 336 349 479
1536 272 337 345 477
1537 272 335 339 453
1538 273 336 334 451
1539 274 336 328 448
1540 273 336 322 434
1541 274 335 318 424
1542 275 334 313 419
1543 275 333 309 417
1544 275 333 305 415
1545 276 333 301 407
1546 276 333 298 401
1547 276 333 295 398
1548 276 334 292 397
1549 277 333 290 393
1550 277 334 288 390
1551 277 334 287 387
1552 277 334 286 385
1553 277 333 284 384
1554 277 333 283 381
1555 277 332 280 377
1556 277 331 278 376
1557 277 330 276 372
1558 277 330 274 365
1559 277 328 272 357
1560 277 327 267 353
1561 277 327 267 343
1562 276 326 258 341
1563 277 326 252 331
1564 277 325 248 326
1565 277 323 245 319
1566 277 323 241 311
1567 277 321 237 308
1568 277 320 234 305
1569 277 320 231 300
1570 276 319 228 296
1571 275 321 225 297
1572 276 319 222 287
1573 276 319 220 285
1574 276 319 217 280
1575 276 317 215 276
1576 276 316 214 276
1577 275 317 211 271
1578 275 315 209 270
1579 274 315 207 269
1580 274 315 205 267
1581 274 314 203 266
1582 274 312 201 259
1583 274 312 198 251
1584 272 311 195 246
1585 274 311 193 246
1586 274 310 191 242
1587 273 310 189 242
1588 273 309 187 241
1589 272 308 185 240
1590 272 308 184 237
1591 272 308 183 236
1592 272 307 181 232
1593 272 306 180 225
1594 272 306 178 225
1595 272 306 177 224
1596 271 305 176 224
1597 271 305 175 222
1598 271 305 174 222
1599 271 305 173 223
1600 270 304 172 217
1601 270 304 170 215
1602 269 303 168 212
1603 268 302 167 208
1604 268 301 165 206
1605 268 301 163 204
1606 267 300 162 203
1607 266 299 161 202
1608 266 298 159 202
1609 266 298 158 200
1610 265 297 157 200
1611 265 297 156 198
1612 265 296 155 197
1613 264 296 154 197
1614 264 295 153 195
1615 264 295 152 188
1616 264 294 151 188
1617 263 294 151 188
1618 263 294 150 187
1619 263 293 149 187
1620 263 293 148 187
1621 262 292 147 187
1622 262 292 146 186
1623 261 291 144 184
1624 261 291 143 184
1625 261 290 143 179
1626 261 290 141 175
1627 260 289 140 174
1628 260 289 139 173
1629 260 288 139 173
1630 259 288 138 172
1631 259 287 137 173
1632 259 287 137 172
1633 258 287 136 172
1634 258 287 136 171
1635 258 286 135 171
1636 258 286 134 171
1637 258 286 134 171
1638 258 286 133 171
1639 258 287 133 167
1640 258 287 133 164
1641 258 287 133 164
1642 258 287 133 164
1643 258 287 133 165
1644 258 286 134 170
1645 258 286 134 170
1646 258 287 135 170
1647 258 287 136 171
1648 259 287 136 171
1649 259 287 136 171
1650 259 287 136 171
1651 259 287 137 171
1652 259 287 137 171
1653 259 287 137 171
1654 259 287 137 172
1655 259 287 137 172
1656 259 287 137 172
1657 259 287 137 171
1658 259 287 137 171
1659 259 287 137 171
1660 259 288 137 208
1661 259 289 137 171
1662 259 287 137 171
1663 260 289 138 170
1664 260 288 139 221
1665 260 288 139 172
1666 260 289 140 173
1667 261 289 141 174
1668 261 290 142 174
1669 261 290 142 175
1670 261 291 143 176
1671 262 291 144 177
1672 262 291 144 178
1673 262 291 145 178
1674 262 291 145 179
1675 262 292 146 181
1676 262 292 146 180
1677 262 292 147 204
1678 263 294 147 181
1679 263 294 147 181
1680 263 294 148 182
1681 263 295 149 183
1682 264 296 150 185
1683 264 296 151 186
1684 264 295 153 188
1685 265 295 154 191
1686 265 297 156 198
1687 266 297 157 200
1688 266 298 159 200
1689 267 299 160 203
1690 267 299 161 203
1691 267 300 163 204
1692 268 300 163 205
1693 268 300 165 205
1694 268 301 166 208
1695 269 301 167 208
1696 269 302 168 212
1697 269 303 169 212
1698 270 305 170 212
1699 270 304 172 213
1700 270 305 173 220
1701 271 305 176 218
1702 271 307 178 226
1703 271 308 180 228
1704 272 307 183 231
1705 272 308 184 232
1706 273 309 187 239
1707 273 309 188 241
1708 273 310 189 243
1709 274 311 191 244
1710 274 311 192 246
1711 274 311 194 249
1712 275 312 196 247
1713 275 313 198 250
1714 275 314 199 254
1715 276 315 202 253
1716 276 315 203 255
1717 276 316 204 260
1718 276 317 207 262
1719 277 316 209 269
1720 278 316 214 274
1721 278 319 217 280
1722 278 321 222 286
1723 278 323 225 292
1724 279 323 228 299
1725 279 324 234 304
1726 279 326 238 310
1727 280 327 243 319
1728 280 328 246 326
1729 280 329 250 330
1730 280 329 254 338
1731 281 330 264 341
1732 281 331 266 345
1733 281 333 269 354
1734 281 334 271 359
1735 281 335 274 371
1736 281 336 277 375
1737 281 336 281 381
1738 282 336 287 381
1739 283 336 289 389
1740 282 337 294 396
1741 282 339 300 407
1742 283 341 305 418
1743 282 345 314 425
1744 282 346 322 442
1745 282 346 330 454
1746 283 347 340 467
1747 282 351 347 479
1748 281 351 354 479
1749 282 354 364 479
1750 282 354 372 479
1751 283 357 380 479
1752 282 355 388 479
1753 281 356 396 479
1754 282 356 402 479
1755 281 358 412 479
1756 281 359 421 479
1757 284 353 428 479
1758 284 354 437 479
1759 284 354 442 479
1760 285 354 450 479
1761 286 353 457 479
1762 288 352 462 479
1763 290 349 467 479
1764 295 344 473 479
1765 -1 -1 -1 -1
1766 -1 -1 -1 -1
1767 -1 -1 -1 -1
1768 -1 -1 -1 -1
1769 -1 -1 -1 -1
1770 -1 -1 -1 -1
1771 -1 -1 -1 -1
1772 -1 -1 -1 -1
1773 -1 -1 -1 -1
1774 -1 -1 -1 -1
1775 -1 -1 -1 -1
1776 -1 -1 -1 -1
1777 -1 -1 -1 -1
1778 -1 -1 -1 -1
1779 -1 -1 -1 -1
1780 -1 -1 -1 -1
1781 -1 -1 -1 -1
1782 -1 -1 -1 -1
1783 -1 -1 -1 -1
1784 -1 -1 -1 -1
1785 -1 -1 -1 -1
1786 -1 -1 -1 -1
1787 -1 -1 -1 -1
-1